%Time [ms]	Commanded Torque [mNm]	Angular Velocity [RPM]	Actual Current [Amp]	%9/23/20259:40 AM
0.000	0.000	0.000	0.000
20.000	10.000	39.062	-0.004
30.000	10.000	27.344	-0.007
40.000	10.000	27.344	-0.007
50.000	10.000	27.344	-0.007
60.000	10.000	-33.203	-0.007
70.000	10.000	-33.203	-0.007
80.000	10.000	-33.203	-0.007
90.000	10.000	-7.812	-0.015
100.000	10.000	-7.812	-0.015
110.000	10.000	-7.812	-0.015
120.000	10.000	11.719	-0.014
130.000	10.000	11.719	-0.014
140.000	10.000	11.719	-0.014
150.000	10.000	42.969	0.010
160.000	10.000	42.969	0.010
170.000	10.000	42.969	0.010
180.000	10.000	-3.906	0.007
190.000	10.000	-3.906	0.007
200.000	10.000	-3.906	0.007
210.000	10.000	-3.906	0.011
220.000	10.000	-3.906	0.011
230.000	10.000	-3.906	0.011
240.000	10.000	35.156	-0.008
250.000	10.000	35.156	-0.008
260.000	10.000	35.156	-0.008
270.000	10.000	-1.953	-0.018
280.000	10.000	-1.953	-0.018
290.000	10.000	-1.953	-0.018
300.000	10.000	1.953	-0.015
310.000	10.000	1.953	-0.015
320.000	10.000	1.953	-0.015
330.000	10.000	15.625	0.013
340.000	10.000	15.625	0.013
350.000	10.000	15.625	0.013
360.000	10.000	13.672	-0.005
370.000	10.000	13.672	-0.005
380.000	10.000	13.672	-0.005
390.000	10.000	7.812	-0.003
400.000	10.000	7.812	-0.003
410.000	10.000	7.812	-0.003
420.000	10.000	-3.906	0.008
430.000	10.000	-3.906	0.008
440.000	10.000	-3.906	0.008
450.000	10.000	35.156	-0.010
460.000	10.000	35.156	-0.010
470.000	10.000	35.156	-0.010
480.000	10.000	41.016	0.017
490.000	10.000	41.016	0.017
500.000	10.000	41.016	0.017
510.000	10.000	19.531	0.014
520.000	10.000	19.531	0.014
530.000	10.000	19.531	0.014
540.000	10.000	37.109	0.012
550.000	10.000	37.109	0.012
560.000	10.000	37.109	0.012
570.000	10.000	-1.953	-0.002
580.000	10.000	-1.953	-0.002
590.000	10.000	-1.953	-0.002
600.000	10.000	35.156	0.017
610.000	10.000	35.156	0.017
620.000	10.000	35.156	0.017
630.000	10.000	15.625	0.004
640.000	10.000	15.625	0.004
650.000	10.000	15.625	0.004
660.000	10.000	7.812	0.003
670.000	10.000	7.812	0.003
680.000	10.000	7.812	0.003
690.000	10.000	31.250	-0.010
700.000	10.000	31.250	-0.010
710.000	10.000	31.250	-0.010
720.000	10.000	23.437	0.016
730.000	10.000	23.437	0.016
740.000	10.000	23.437	0.016
750.000	10.000	-19.531	0.004
760.000	10.000	-19.531	0.004
770.000	10.000	-19.531	0.004
780.000	10.000	-15.625	-0.003
790.000	10.000	-15.625	-0.003
800.000	10.000	-15.625	-0.003
810.000	10.000	37.109	0.000
820.000	10.000	37.109	0.000
830.000	10.000	37.109	0.000
840.000	10.000	-25.391	-0.014
850.000	10.000	-25.391	-0.014
860.000	10.000	-25.391	-0.014
870.000	10.000	29.297	0.012
880.000	10.000	29.297	0.012
890.000	10.000	29.297	0.012
900.000	10.000	5.859	0.008
910.000	10.000	5.859	0.008
920.000	10.000	5.859	0.008
930.000	10.000	-17.578	-0.013
940.000	10.000	-17.578	-0.013
950.000	10.000	-17.578	-0.013
960.000	10.000	19.531	0.010
970.000	10.000	19.531	0.010
980.000	10.000	19.531	0.010
990.000	10.000	33.203	0.004
1000.000	10.000	33.203	0.004
1010.000	10.000	33.203	0.004
1020.000	10.000	19.531	-0.015
1030.000	10.000	19.531	-0.015
1040.000	10.000	19.531	-0.015
1050.000	10.000	9.766	0.012
1060.000	10.000	9.766	0.012
1070.000	10.000	9.766	0.012
1080.000	10.000	-17.578	0.004
1090.000	10.000	-17.578	0.004
1100.000	10.000	-17.578	0.004
1110.000	10.000	0.000	0.148
1120.000	10.000	0.000	0.148
1130.000	10.000	0.000	0.148
1140.000	10.000	11.719	0.238
1150.000	10.000	11.719	0.238
1160.000	10.000	11.719	0.238
1170.000	10.000	17.578	0.284
1180.000	10.000	17.578	0.284
1190.000	10.000	17.578	0.284
1200.000	10.000	70.312	0.293
1210.000	10.000	70.312	0.293
1220.000	10.000	70.312	0.293
1230.000	10.000	56.641	0.285
1240.000	10.000	56.641	0.285
1250.000	10.000	56.641	0.285
1260.000	10.000	125.000	0.309
1270.000	10.000	125.000	0.309
1280.000	10.000	125.000	0.309
1290.000	10.000	146.484	0.294
1300.000	10.000	146.484	0.294
1310.000	10.000	146.484	0.294
1320.000	10.000	167.969	0.301
1330.000	10.000	167.969	0.301
1340.000	10.000	167.969	0.301
1350.000	10.000	167.969	0.278
1360.000	10.000	167.969	0.278
1370.000	10.000	167.969	0.278
1380.000	10.000	201.172	0.309
1390.000	10.000	201.172	0.309
1400.000	10.000	201.172	0.309
1410.000	10.000	226.562	0.306
1420.000	10.000	226.562	0.306
1430.000	10.000	226.562	0.306
1440.000	10.000	240.234	0.285
1450.000	10.000	240.234	0.285
1460.000	10.000	240.234	0.285
1470.000	10.000	246.094	0.281
1480.000	10.000	246.094	0.281
1490.000	10.000	246.094	0.281
1500.000	10.000	246.094	0.289
1510.000	10.000	246.094	0.289
1520.000	10.000	246.094	0.289
1530.000	10.000	269.531	0.300
1540.000	10.000	269.531	0.300
1550.000	10.000	269.531	0.300
1560.000	10.000	292.969	0.279
1570.000	10.000	292.969	0.279
1580.000	10.000	292.969	0.279
1590.000	10.000	308.594	0.285
1600.000	10.000	308.594	0.285
1610.000	10.000	308.594	0.285
1620.000	10.000	365.234	0.293
1630.000	10.000	365.234	0.293
1640.000	10.000	365.234	0.293
1650.000	10.000	339.844	0.300
1660.000	10.000	339.844	0.300
1670.000	10.000	339.844	0.300
1680.000	10.000	386.719	0.280
1690.000	10.000	386.719	0.280
1700.000	10.000	386.719	0.280
1710.000	10.000	363.281	0.287
1720.000	10.000	363.281	0.287
1730.000	10.000	363.281	0.287
1740.000	10.000	443.359	0.306
1750.000	10.000	443.359	0.306
1760.000	10.000	443.359	0.306
1770.000	10.000	421.875	0.287
1780.000	10.000	421.875	0.287
1790.000	10.000	421.875	0.287
1800.000	10.000	437.500	0.274
1810.000	10.000	437.500	0.274
1820.000	10.000	437.500	0.274
1830.000	10.000	435.547	0.290
1840.000	10.000	435.547	0.290
1850.000	10.000	435.547	0.290
1860.000	10.000	449.219	0.292
1870.000	10.000	449.219	0.292
1880.000	10.000	449.219	0.292
1890.000	10.000	515.625	0.280
1900.000	10.000	515.625	0.280
1910.000	10.000	515.625	0.280
1920.000	10.000	552.734	0.296
1930.000	10.000	552.734	0.296
1940.000	10.000	552.734	0.296
1950.000	10.000	537.109	0.308
1960.000	10.000	537.109	0.308
1970.000	10.000	537.109	0.308
1980.000	10.000	546.875	0.288
1990.000	10.000	546.875	0.288
2000.000	10.000	546.875	0.288
2010.000	10.000	619.141	0.307
2020.000	10.000	619.141	0.307
2030.000	10.000	619.141	0.307
2040.000	10.000	582.031	0.278
2050.000	10.000	582.031	0.278
2060.000	10.000	582.031	0.278
2070.000	10.000	626.953	0.298
2080.000	10.000	626.953	0.298
2090.000	10.000	626.953	0.298
2100.000	10.000	625.000	0.313
2110.000	10.000	625.000	0.313
2120.000	10.000	625.000	0.313
2130.000	10.000	660.156	0.293
2140.000	10.000	660.156	0.293
2150.000	10.000	660.156	0.293
2160.000	10.000	699.219	0.308
2170.000	10.000	699.219	0.308
2180.000	10.000	699.219	0.308
2190.000	10.000	705.078	0.288
2200.000	10.000	705.078	0.288
2210.000	10.000	705.078	0.288
2220.000	10.000	685.547	0.278
2230.000	10.000	685.547	0.278
2240.000	10.000	685.547	0.278
2250.000	10.000	716.797	0.296
2260.000	10.000	716.797	0.296
2270.000	10.000	716.797	0.296
2280.000	10.000	730.469	0.306
2290.000	10.000	730.469	0.306
2300.000	10.000	730.469	0.306
2310.000	10.000	746.094	0.313
2320.000	10.000	746.094	0.313
2330.000	10.000	746.094	0.313
2340.000	10.000	773.437	0.285
2350.000	10.000	773.437	0.285
2360.000	10.000	773.437	0.285
2370.000	10.000	818.359	0.273
2380.000	10.000	818.359	0.273
2390.000	10.000	818.359	0.273
2400.000	10.000	845.703	0.280
2410.000	10.000	845.703	0.280
2420.000	10.000	845.703	0.280
2430.000	10.000	816.406	0.282
2440.000	10.000	816.406	0.282
2450.000	10.000	816.406	0.282
2460.000	10.000	822.266	0.275
2470.000	10.000	822.266	0.275
2480.000	10.000	822.266	0.275
2490.000	10.000	863.281	0.310
2500.000	10.000	863.281	0.310
2510.000	10.000	863.281	0.310
2520.000	10.000	857.422	0.299
2530.000	10.000	857.422	0.299
2540.000	10.000	857.422	0.299
2550.000	10.000	925.781	0.285
2560.000	10.000	925.781	0.285
2570.000	10.000	925.781	0.285
2580.000	10.000	871.094	0.295
2590.000	10.000	871.094	0.295
2600.000	10.000	871.094	0.295
2610.000	10.000	939.453	0.308
2620.000	10.000	939.453	0.308
2630.000	10.000	939.453	0.308
2640.000	10.000	927.734	0.302
2650.000	10.000	927.734	0.302
2660.000	10.000	927.734	0.302
2670.000	10.000	935.547	0.285
2680.000	10.000	935.547	0.285
2690.000	10.000	935.547	0.285
2700.000	10.000	996.094	0.292
2710.000	10.000	996.094	0.292
2720.000	10.000	996.094	0.292
2730.000	10.000	984.375	0.298
2740.000	10.000	984.375	0.298
2750.000	10.000	984.375	0.298
2760.000	10.000	1015.625	0.279
2770.000	10.000	1015.625	0.279
2780.000	10.000	1015.625	0.279
2790.000	10.000	1046.875	0.294
2800.000	10.000	1046.875	0.294
2810.000	10.000	1046.875	0.294
2820.000	10.000	1025.391	0.297
2830.000	10.000	1025.391	0.297
2840.000	10.000	1025.391	0.297
2850.000	10.000	1058.594	0.295
2860.000	10.000	1058.594	0.295
2870.000	10.000	1058.594	0.295
2880.000	10.000	1080.078	0.322
2890.000	10.000	1080.078	0.322
2900.000	10.000	1080.078	0.322
2910.000	10.000	1054.687	0.305
2920.000	10.000	1054.687	0.305
2930.000	10.000	1054.687	0.305
2940.000	10.000	1087.891	0.314
2950.000	10.000	1087.891	0.314
2960.000	10.000	1087.891	0.314
2970.000	10.000	1126.953	0.308
2980.000	10.000	1126.953	0.308
2990.000	10.000	1126.953	0.308
3000.000	10.000	1099.609	0.283
3010.000	10.000	1099.609	0.283
3020.000	10.000	1099.609	0.283
3030.000	10.000	1177.734	0.271
3040.000	10.000	1177.734	0.271
3050.000	10.000	1177.734	0.271
3060.000	10.000	1142.578	0.292
3070.000	10.000	1142.578	0.292
3080.000	10.000	1142.578	0.292
3090.000	10.000	1205.078	0.283
3100.000	10.000	1205.078	0.283
3110.000	10.000	1205.078	0.283
3120.000	10.000	1216.797	0.290
3130.000	10.000	1216.797	0.290
3140.000	10.000	1216.797	0.290
3150.000	10.000	1232.422	0.310
3160.000	10.000	1232.422	0.310
3170.000	10.000	1232.422	0.310
3180.000	10.000	1210.937	0.285
3190.000	10.000	1210.937	0.285
3200.000	10.000	1210.937	0.285
3210.000	10.000	1212.891	0.295
3220.000	10.000	1212.891	0.295
3230.000	10.000	1212.891	0.295
3240.000	10.000	1275.391	0.302
3250.000	10.000	1275.391	0.302
3260.000	10.000	1275.391	0.302
3270.000	10.000	1259.766	0.290
3280.000	10.000	1259.766	0.290
3290.000	10.000	1259.766	0.290
3300.000	10.000	1279.297	0.309
3310.000	10.000	1279.297	0.309
3320.000	10.000	1279.297	0.309
3330.000	10.000	1300.781	0.278
3340.000	10.000	1300.781	0.278
3350.000	10.000	1300.781	0.278
3360.000	10.000	1343.750	0.301
3370.000	10.000	1343.750	0.301
3380.000	10.000	1343.750	0.301
3390.000	10.000	1324.219	0.271
3400.000	10.000	1324.219	0.271
3410.000	10.000	1324.219	0.271
3420.000	10.000	1373.047	0.299
3430.000	10.000	1373.047	0.299
3440.000	10.000	1373.047	0.299
3450.000	10.000	1357.422	0.293
3460.000	10.000	1357.422	0.293
3470.000	10.000	1357.422	0.293
3480.000	10.000	1398.437	0.280
3490.000	10.000	1398.437	0.280
3500.000	10.000	1398.437	0.280
3510.000	10.000	1373.047	0.280
3520.000	10.000	1373.047	0.280
3530.000	10.000	1373.047	0.280
3540.000	10.000	1396.484	0.287
3550.000	10.000	1396.484	0.287
3560.000	10.000	1396.484	0.287
3570.000	10.000	1408.203	0.292
3580.000	10.000	1408.203	0.292
3590.000	10.000	1408.203	0.292
3600.000	10.000	1437.500	0.299
3610.000	10.000	1437.500	0.299
3620.000	10.000	1437.500	0.299
3630.000	10.000	1490.234	0.288
3640.000	10.000	1490.234	0.288
3650.000	10.000	1490.234	0.288
3660.000	10.000	1496.094	0.296
3670.000	10.000	1496.094	0.296
3680.000	10.000	1496.094	0.296
3690.000	10.000	1519.531	0.294
3700.000	10.000	1519.531	0.294
3710.000	10.000	1519.531	0.294
3720.000	10.000	1525.391	0.280
3730.000	10.000	1525.391	0.280
3740.000	10.000	1525.391	0.280
3750.000	10.000	1496.094	0.290
3760.000	10.000	1496.094	0.290
3770.000	10.000	1496.094	0.290
3780.000	10.000	1529.297	0.313
3790.000	10.000	1529.297	0.313
3800.000	10.000	1529.297	0.313
3810.000	10.000	1558.594	0.282
3820.000	10.000	1558.594	0.282
3830.000	10.000	1558.594	0.282
3840.000	10.000	1529.297	0.302
3850.000	10.000	1529.297	0.302
3860.000	10.000	1529.297	0.302
3870.000	10.000	1578.125	0.280
3880.000	10.000	1578.125	0.280
3890.000	10.000	1578.125	0.280
3900.000	10.000	1582.031	0.282
3910.000	10.000	1582.031	0.282
3920.000	10.000	1582.031	0.282
3930.000	10.000	1605.469	0.311
3940.000	10.000	1605.469	0.311
3950.000	10.000	1605.469	0.311
3960.000	10.000	1628.906	0.301
3970.000	10.000	1628.906	0.301
3980.000	10.000	1628.906	0.301
3990.000	10.000	1640.625	0.305
4000.000	10.000	1640.625	0.305
4010.000	10.000	1640.625	0.305
4020.000	10.000	1636.719	0.285
4030.000	10.000	1636.719	0.285
4040.000	10.000	1636.719	0.285
4050.000	10.000	1662.109	0.280
4060.000	10.000	1662.109	0.280
4070.000	10.000	1662.109	0.280
4080.000	10.000	1687.500	0.294
4090.000	10.000	1687.500	0.294
4100.000	10.000	1687.500	0.294
4110.000	10.000	1662.109	0.298
4120.000	10.000	1662.109	0.298
4130.000	10.000	1662.109	0.298
4140.000	10.000	1732.422	0.269
4150.000	10.000	1732.422	0.269
4160.000	10.000	1732.422	0.269
4170.000	10.000	1746.094	0.303
4180.000	10.000	1746.094	0.303
4190.000	10.000	1746.094	0.303
4200.000	10.000	1689.453	0.299
4210.000	10.000	1689.453	0.299
4220.000	10.000	1689.453	0.299
4230.000	10.000	1746.094	0.289
4240.000	10.000	1746.094	0.289
4250.000	10.000	1746.094	0.289
4260.000	10.000	1787.109	0.291
4270.000	10.000	1787.109	0.291
4280.000	10.000	1787.109	0.291
4290.000	10.000	1750.000	0.303
4300.000	10.000	1750.000	0.303
4310.000	10.000	1750.000	0.303
4320.000	10.000	1804.687	0.282
4330.000	10.000	1804.687	0.282
4340.000	10.000	1804.687	0.282
4350.000	10.000	1785.156	0.307
4360.000	10.000	1785.156	0.307
4370.000	10.000	1785.156	0.307
4380.000	10.000	1851.562	0.312
4390.000	10.000	1851.562	0.312
4400.000	10.000	1851.562	0.312
4410.000	10.000	1857.422	0.273
4420.000	10.000	1857.422	0.273
4430.000	10.000	1857.422	0.273
4440.000	10.000	1867.187	0.300
4450.000	10.000	1867.187	0.300
4460.000	10.000	1867.187	0.300
4470.000	10.000	1857.422	0.273
4480.000	10.000	1857.422	0.273
4490.000	10.000	1857.422	0.273
4500.000	10.000	1876.953	0.290
4510.000	10.000	1876.953	0.290
4520.000	10.000	1876.953	0.290
4530.000	10.000	1890.625	0.316
4540.000	10.000	1890.625	0.316
4550.000	10.000	1890.625	0.316
4560.000	10.000	1904.297	0.279
4570.000	10.000	1904.297	0.279
4580.000	10.000	1904.297	0.279
4590.000	10.000	1917.969	0.269
4600.000	10.000	1917.969	0.269
4610.000	10.000	1917.969	0.269
4620.000	10.000	1957.031	0.302
4630.000	10.000	1957.031	0.302
4640.000	10.000	1957.031	0.302
4650.000	10.000	1953.125	0.290
4660.000	10.000	1953.125	0.290
4670.000	10.000	1953.125	0.290
4680.000	10.000	1943.359	0.292
4690.000	10.000	1943.359	0.292
4700.000	10.000	1943.359	0.292
4710.000	10.000	1962.891	0.300
4720.000	10.000	1962.891	0.300
4730.000	10.000	1962.891	0.300
4740.000	10.000	2007.812	0.273
4750.000	10.000	2007.812	0.273
4760.000	10.000	2007.812	0.273
4770.000	10.000	2021.484	0.311
4780.000	10.000	2021.484	0.311
4790.000	10.000	2021.484	0.311
4800.000	10.000	2050.781	0.294
4810.000	10.000	2050.781	0.294
4820.000	10.000	2050.781	0.294
4830.000	10.000	2050.781	0.296
4840.000	10.000	2050.781	0.296
4850.000	10.000	2050.781	0.296
4860.000	10.000	2062.500	0.262
4870.000	10.000	2062.500	0.262
4880.000	10.000	2062.500	0.262
4890.000	10.000	2074.219	0.303
4900.000	10.000	2074.219	0.303
4910.000	10.000	2074.219	0.303
4920.000	10.000	2078.125	0.280
4930.000	10.000	2078.125	0.280
4940.000	10.000	2078.125	0.280
4950.000	10.000	2082.031	0.305
4960.000	10.000	2082.031	0.305
4970.000	10.000	2082.031	0.305
4980.000	10.000	2117.187	0.301
4990.000	10.000	2117.187	0.301
5000.000	10.000	2117.187	0.301
5010.000	10.000	2093.750	0.270
5020.000	10.000	2093.750	0.270
5030.000	10.000	2093.750	0.270
5040.000	10.000	2134.766	0.289
5050.000	10.000	2134.766	0.289
5060.000	10.000	2134.766	0.289
5070.000	10.000	2134.766	0.309
5080.000	10.000	2134.766	0.309
5090.000	10.000	2134.766	0.309
5100.000	10.000	2169.922	0.301
5110.000	10.000	2169.922	0.301
5120.000	10.000	2169.922	0.301
5130.000	10.000	2166.016	0.303
5140.000	10.000	2166.016	0.303
5150.000	10.000	2166.016	0.303
5160.000	10.000	2193.359	0.275
5170.000	10.000	2193.359	0.275
5180.000	10.000	2193.359	0.275
5190.000	10.000	2203.125	0.292
5200.000	10.000	2203.125	0.292
5210.000	10.000	2203.125	0.292
5220.000	10.000	2169.922	0.282
5230.000	10.000	2169.922	0.282
5240.000	10.000	2169.922	0.282
5250.000	10.000	2185.547	0.306
5260.000	10.000	2185.547	0.306
5270.000	10.000	2185.547	0.306
5280.000	10.000	2246.094	0.302
5290.000	10.000	2246.094	0.302
5300.000	10.000	2246.094	0.302
5310.000	10.000	2269.531	0.273
5320.000	10.000	2269.531	0.273
5330.000	10.000	2269.531	0.273
5340.000	10.000	2269.531	0.281
5350.000	10.000	2269.531	0.281
5360.000	10.000	2269.531	0.281
5370.000	10.000	2222.656	0.293
5380.000	10.000	2222.656	0.293
5390.000	10.000	2222.656	0.293
5400.000	10.000	2300.781	0.298
5410.000	10.000	2300.781	0.298
5420.000	10.000	2300.781	0.298
5430.000	10.000	2292.969	0.304
5440.000	10.000	2292.969	0.304
5450.000	10.000	2292.969	0.304
5460.000	10.000	2318.359	0.299
5470.000	10.000	2318.359	0.299
5480.000	10.000	2318.359	0.299
5490.000	10.000	2279.297	0.289
5500.000	10.000	2279.297	0.289
5510.000	10.000	2279.297	0.289
5520.000	10.000	2337.891	0.270
5530.000	10.000	2337.891	0.270
5540.000	10.000	2337.891	0.270
5550.000	10.000	2332.031	0.297
5560.000	10.000	2332.031	0.297
5570.000	10.000	2332.031	0.297
5580.000	10.000	2359.375	0.285
5590.000	10.000	2359.375	0.285
5600.000	10.000	2359.375	0.285
5610.000	10.000	2367.187	0.288
5620.000	10.000	2367.187	0.288
5630.000	10.000	2367.187	0.288
5640.000	10.000	2398.437	0.300
5650.000	10.000	2398.437	0.300
5660.000	10.000	2398.437	0.300
5670.000	10.000	2375.000	0.292
5680.000	10.000	2375.000	0.292
5690.000	10.000	2375.000	0.292
5700.000	10.000	2412.109	0.289
5710.000	10.000	2412.109	0.289
5720.000	10.000	2412.109	0.289
5730.000	10.000	2394.531	0.299
5740.000	10.000	2394.531	0.299
5750.000	10.000	2394.531	0.299
5760.000	10.000	2416.016	0.277
5770.000	10.000	2416.016	0.277
5780.000	10.000	2416.016	0.277
5790.000	10.000	2449.219	0.277
5800.000	10.000	2449.219	0.277
5810.000	10.000	2449.219	0.277
5820.000	10.000	2451.172	0.293
5830.000	10.000	2451.172	0.293
5840.000	10.000	2451.172	0.293
5850.000	10.000	2453.125	0.291
5860.000	10.000	2453.125	0.291
5870.000	10.000	2453.125	0.291
5880.000	10.000	2449.219	0.288
5890.000	10.000	2449.219	0.288
5900.000	10.000	2449.219	0.288
5910.000	10.000	2443.359	0.297
5920.000	10.000	2443.359	0.297
5930.000	10.000	2443.359	0.297
5940.000	10.000	2525.391	0.269
5950.000	10.000	2525.391	0.269
5960.000	10.000	2525.391	0.269
5970.000	10.000	2501.953	0.287
5980.000	10.000	2501.953	0.287
5990.000	10.000	2501.953	0.287
6000.000	10.000	2544.922	0.300
6010.000	10.000	2544.922	0.300
6020.000	10.000	2544.922	0.300
6030.000	10.000	2527.344	0.303
6040.000	10.000	2527.344	0.303
6050.000	10.000	2527.344	0.303
6060.000	10.000	2546.875	0.271
6070.000	10.000	2546.875	0.271
6080.000	10.000	2546.875	0.271
6090.000	10.000	2544.922	0.145
6100.000	10.000	2544.922	0.145
6110.000	10.000	2544.922	0.145
6120.000	10.000	2550.781	0.023
6130.000	10.000	2550.781	0.023
6140.000	10.000	2550.781	0.023
6150.000	10.000	2527.344	0.010
6160.000	10.000	2527.344	0.010
6170.000	10.000	2527.344	0.010
6180.000	10.000	2515.625	0.014
6190.000	10.000	2515.625	0.014
6200.000	10.000	2515.625	0.014
6210.000	10.000	2507.812	0.009
6220.000	10.000	2507.812	0.009
6230.000	10.000	2507.812	0.009
6240.000	10.000	2478.516	-0.019
6250.000	10.000	2478.516	-0.019
6260.000	10.000	2478.516	-0.019
6270.000	10.000	2500.000	0.006
6280.000	10.000	2500.000	0.006
6290.000	10.000	2500.000	0.006
6300.000	10.000	2445.312	0.000
6310.000	10.000	2445.312	0.000
6320.000	10.000	2445.312	0.000
6330.000	10.000	2490.234	-0.020
6340.000	10.000	2490.234	-0.020
6350.000	10.000	2490.234	-0.020
6360.000	10.000	2466.797	0.008
6370.000	10.000	2466.797	0.008
6380.000	10.000	2466.797	0.008
6390.000	10.000	2423.828	-0.019
6400.000	10.000	2423.828	-0.019
6410.000	10.000	2423.828	-0.019
6420.000	10.000	2406.250	-0.005
6430.000	10.000	2406.250	-0.005
6440.000	10.000	2406.250	-0.005
6450.000	10.000	2421.875	-0.022
6460.000	10.000	2421.875	-0.022
6470.000	10.000	2421.875	-0.022
6480.000	10.000	2425.781	0.008
6490.000	10.000	2425.781	0.008
6500.000	10.000	2425.781	0.008
6510.000	10.000	2394.531	0.011
6520.000	10.000	2394.531	0.011
6530.000	10.000	2394.531	0.011
6540.000	10.000	2359.375	-0.015
6550.000	10.000	2359.375	-0.015
6560.000	10.000	2359.375	-0.015
6570.000	10.000	2359.375	-0.026
6580.000	10.000	2359.375	-0.026
6590.000	10.000	2359.375	-0.026
6600.000	10.000	2335.937	-0.014
6610.000	10.000	2335.937	-0.014
6620.000	10.000	2335.937	-0.014
6630.000	10.000	2343.750	0.014
6640.000	10.000	2343.750	0.014
6650.000	10.000	2343.750	0.014
6660.000	10.000	2324.219	-0.014
6670.000	10.000	2324.219	-0.014
6680.000	10.000	2324.219	-0.014
6690.000	10.000	2285.156	-0.005
6700.000	10.000	2285.156	-0.005
6710.000	10.000	2285.156	-0.005
6720.000	10.000	2273.437	0.016
6730.000	10.000	2273.437	0.016
6740.000	10.000	2273.437	0.016
6750.000	10.000	2259.766	0.019
6760.000	10.000	2259.766	0.019
6770.000	10.000	2259.766	0.019
6780.000	10.000	2238.281	0.006
6790.000	10.000	2238.281	0.006
6800.000	10.000	2238.281	0.006
6810.000	10.000	2226.562	-0.017
6820.000	10.000	2226.562	-0.017
6830.000	10.000	2226.562	-0.017
6840.000	10.000	2251.953	0.004
6850.000	10.000	2251.953	0.004
6860.000	10.000	2251.953	0.004
6870.000	10.000	2232.422	0.001
6880.000	10.000	2232.422	0.001
6890.000	10.000	2232.422	0.001
6900.000	10.000	2205.078	0.004
6910.000	10.000	2205.078	0.004
6920.000	10.000	2205.078	0.004
6930.000	10.000	2201.172	0.004
6940.000	10.000	2201.172	0.004
6950.000	10.000	2201.172	0.004
6960.000	10.000	2156.250	-0.004
6970.000	10.000	2156.250	-0.004
6980.000	10.000	2156.250	-0.004
6990.000	10.000	2191.406	-0.005
7000.000	10.000	2191.406	-0.005
7010.000	10.000	2191.406	-0.005
7020.000	10.000	2103.516	-0.006
