%Time [ms]	Commanded Torque [mNm]	Angular Velocity [RPM]	Actual Current [Amp]	%9/23/20259:41 AM
0.000	0.000	0.000	0.000
20.000	20.000	35.156	0.004
30.000	20.000	-1.953	-0.003
40.000	20.000	-1.953	-0.003
50.000	20.000	-1.953	-0.003
60.000	20.000	-25.391	-0.008
70.000	20.000	-25.391	-0.008
80.000	20.000	-25.391	-0.008
90.000	20.000	19.531	-0.007
100.000	20.000	19.531	-0.007
110.000	20.000	19.531	-0.007
120.000	20.000	27.344	-0.009
130.000	20.000	27.344	-0.009
140.000	20.000	27.344	-0.009
150.000	20.000	21.484	-0.010
160.000	20.000	21.484	-0.010
170.000	20.000	21.484	-0.010
180.000	20.000	33.203	0.011
190.000	20.000	33.203	0.011
200.000	20.000	33.203	0.011
210.000	20.000	5.859	0.005
220.000	20.000	5.859	0.005
230.000	20.000	5.859	0.005
240.000	20.000	9.766	0.004
250.000	20.000	9.766	0.004
260.000	20.000	9.766	0.004
270.000	20.000	19.531	0.019
280.000	20.000	19.531	0.019
290.000	20.000	19.531	0.019
300.000	20.000	46.875	0.019
310.000	20.000	46.875	0.019
320.000	20.000	46.875	0.019
330.000	20.000	1.953	-0.009
340.000	20.000	1.953	-0.009
350.000	20.000	1.953	-0.009
360.000	20.000	21.484	-0.008
370.000	20.000	21.484	-0.008
380.000	20.000	21.484	-0.008
390.000	20.000	0.000	-0.012
400.000	20.000	0.000	-0.012
410.000	20.000	0.000	-0.012
420.000	20.000	39.062	0.008
430.000	20.000	39.062	0.008
440.000	20.000	39.062	0.008
450.000	20.000	0.000	0.001
460.000	20.000	0.000	0.001
470.000	20.000	0.000	0.001
480.000	20.000	1.953	0.009
490.000	20.000	1.953	0.009
500.000	20.000	1.953	0.009
510.000	20.000	41.016	0.019
520.000	20.000	41.016	0.019
530.000	20.000	41.016	0.019
540.000	20.000	25.391	0.007
550.000	20.000	25.391	0.007
560.000	20.000	25.391	0.007
570.000	20.000	19.531	0.004
580.000	20.000	19.531	0.004
590.000	20.000	19.531	0.004
600.000	20.000	15.625	0.002
610.000	20.000	15.625	0.002
620.000	20.000	15.625	0.002
630.000	20.000	-25.391	0.006
640.000	20.000	-25.391	0.006
650.000	20.000	-25.391	0.006
660.000	20.000	-1.953	-0.022
670.000	20.000	-1.953	-0.022
680.000	20.000	-1.953	-0.022
690.000	20.000	7.812	-0.021
700.000	20.000	7.812	-0.021
710.000	20.000	7.812	-0.021
720.000	20.000	-13.672	-0.012
730.000	20.000	-13.672	-0.012
740.000	20.000	-13.672	-0.012
750.000	20.000	19.531	-0.014
760.000	20.000	19.531	-0.014
770.000	20.000	19.531	-0.014
780.000	20.000	44.922	-0.009
790.000	20.000	44.922	-0.009
800.000	20.000	44.922	-0.009
810.000	20.000	21.484	0.021
820.000	20.000	21.484	0.021
830.000	20.000	21.484	0.021
840.000	20.000	-11.719	0.004
850.000	20.000	-11.719	0.004
860.000	20.000	-11.719	0.004
870.000	20.000	35.156	0.015
880.000	20.000	35.156	0.015
890.000	20.000	35.156	0.015
900.000	20.000	0.000	-0.010
910.000	20.000	0.000	-0.010
920.000	20.000	0.000	-0.010
930.000	20.000	23.437	0.013
940.000	20.000	23.437	0.013
950.000	20.000	23.437	0.013
960.000	20.000	7.812	0.011
970.000	20.000	7.812	0.011
980.000	20.000	7.812	0.011
990.000	20.000	1.953	-0.004
1000.000	20.000	1.953	-0.004
1010.000	20.000	1.953	-0.004
1020.000	20.000	17.578	0.013
1030.000	20.000	17.578	0.013
1040.000	20.000	17.578	0.013
1050.000	20.000	17.578	-0.019
1060.000	20.000	17.578	-0.019
1070.000	20.000	17.578	-0.019
1080.000	20.000	-5.859	0.012
1090.000	20.000	-5.859	0.012
1100.000	20.000	-5.859	0.012
1110.000	20.000	31.250	0.318
1120.000	20.000	31.250	0.318
1130.000	20.000	31.250	0.318
1140.000	20.000	44.922	0.507
1150.000	20.000	44.922	0.507
1160.000	20.000	44.922	0.507
1170.000	20.000	166.016	0.563
1180.000	20.000	166.016	0.563
1190.000	20.000	166.016	0.563
1200.000	20.000	117.187	0.589
1210.000	20.000	117.187	0.589
1220.000	20.000	117.187	0.589
1230.000	20.000	205.078	0.623
1240.000	20.000	205.078	0.623
1250.000	20.000	205.078	0.623
1260.000	20.000	255.859	0.613
1270.000	20.000	255.859	0.613
1280.000	20.000	255.859	0.613
1290.000	20.000	326.172	0.623
1300.000	20.000	326.172	0.623
1310.000	20.000	326.172	0.623
1320.000	20.000	306.641	0.594
1330.000	20.000	306.641	0.594
1340.000	20.000	306.641	0.594
1350.000	20.000	412.109	0.606
1360.000	20.000	412.109	0.606
1370.000	20.000	412.109	0.606
1380.000	20.000	408.203	0.620
1390.000	20.000	408.203	0.620
1400.000	20.000	408.203	0.620
1410.000	20.000	458.984	0.609
1420.000	20.000	458.984	0.609
1430.000	20.000	458.984	0.609
1440.000	20.000	537.109	0.607
1450.000	20.000	537.109	0.607
1460.000	20.000	537.109	0.607
1470.000	20.000	542.969	0.608
1480.000	20.000	542.969	0.608
1490.000	20.000	542.969	0.608
1500.000	20.000	621.094	0.626
1510.000	20.000	621.094	0.626
1520.000	20.000	621.094	0.626
1530.000	20.000	673.828	0.626
1540.000	20.000	673.828	0.626
1550.000	20.000	673.828	0.626
1560.000	20.000	705.078	0.628
1570.000	20.000	705.078	0.628
1580.000	20.000	705.078	0.628
1590.000	20.000	742.187	0.598
1600.000	20.000	742.187	0.598
1610.000	20.000	742.187	0.598
1620.000	20.000	787.109	0.608
1630.000	20.000	787.109	0.608
1640.000	20.000	787.109	0.608
1650.000	20.000	847.656	0.588
1660.000	20.000	847.656	0.588
1670.000	20.000	847.656	0.588
1680.000	20.000	914.062	0.616
1690.000	20.000	914.062	0.616
1700.000	20.000	914.062	0.616
1710.000	20.000	949.219	0.608
1720.000	20.000	949.219	0.608
1730.000	20.000	949.219	0.608
1740.000	20.000	964.844	0.630
1750.000	20.000	964.844	0.630
1760.000	20.000	964.844	0.630
1770.000	20.000	1060.547	0.623
1780.000	20.000	1060.547	0.623
1790.000	20.000	1060.547	0.623
1800.000	20.000	1113.281	0.603
1810.000	20.000	1113.281	0.603
1820.000	20.000	1113.281	0.603
1830.000	20.000	1126.953	0.600
1840.000	20.000	1126.953	0.600
1850.000	20.000	1126.953	0.600
1860.000	20.000	1203.125	0.617
1870.000	20.000	1203.125	0.617
1880.000	20.000	1203.125	0.617
1890.000	20.000	1232.422	0.611
1900.000	20.000	1232.422	0.611
1910.000	20.000	1232.422	0.611
1920.000	20.000	1271.484	0.632
1930.000	20.000	1271.484	0.632
1940.000	20.000	1271.484	0.632
1950.000	20.000	1335.937	0.617
1960.000	20.000	1335.937	0.617
1970.000	20.000	1335.937	0.617
1980.000	20.000	1355.469	0.586
1990.000	20.000	1355.469	0.586
2000.000	20.000	1355.469	0.586
2010.000	20.000	1421.875	0.622
2020.000	20.000	1421.875	0.622
2030.000	20.000	1421.875	0.622
2040.000	20.000	1460.937	0.608
2050.000	20.000	1460.937	0.608
2060.000	20.000	1460.937	0.608
2070.000	20.000	1462.891	0.596
2080.000	20.000	1462.891	0.596
2090.000	20.000	1462.891	0.596
2100.000	20.000	1539.062	0.619
2110.000	20.000	1539.062	0.619
2120.000	20.000	1539.062	0.619
2130.000	20.000	1554.687	0.604
2140.000	20.000	1554.687	0.604
2150.000	20.000	1554.687	0.604
2160.000	20.000	1632.812	0.623
2170.000	20.000	1632.812	0.623
2180.000	20.000	1632.812	0.623
2190.000	20.000	1679.687	0.600
2200.000	20.000	1679.687	0.600
2210.000	20.000	1679.687	0.600
2220.000	20.000	1683.594	0.624
2230.000	20.000	1683.594	0.624
2240.000	20.000	1683.594	0.624
2250.000	20.000	1750.000	0.608
2260.000	20.000	1750.000	0.608
2270.000	20.000	1750.000	0.608
2280.000	20.000	1806.641	0.611
2290.000	20.000	1806.641	0.611
2300.000	20.000	1806.641	0.611
2310.000	20.000	1833.984	0.602
2320.000	20.000	1833.984	0.602
2330.000	20.000	1833.984	0.602
2340.000	20.000	1880.859	0.605
2350.000	20.000	1880.859	0.605
2360.000	20.000	1880.859	0.605
2370.000	20.000	1931.641	0.607
2380.000	20.000	1931.641	0.607
2390.000	20.000	1931.641	0.607
2400.000	20.000	1970.703	0.611
2410.000	20.000	1970.703	0.611
2420.000	20.000	1970.703	0.611
2430.000	20.000	2027.344	0.583
2440.000	20.000	2027.344	0.583
2450.000	20.000	2027.344	0.583
2460.000	20.000	2052.734	0.606
2470.000	20.000	2052.734	0.606
2480.000	20.000	2052.734	0.606
2490.000	20.000	2125.000	0.607
2500.000	20.000	2125.000	0.607
2510.000	20.000	2125.000	0.607
2520.000	20.000	2111.328	0.601
2530.000	20.000	2111.328	0.601
2540.000	20.000	2111.328	0.601
2550.000	20.000	2179.687	0.595
2560.000	20.000	2179.687	0.595
2570.000	20.000	2179.687	0.595
2580.000	20.000	2234.375	0.608
2590.000	20.000	2234.375	0.608
2600.000	20.000	2234.375	0.608
2610.000	20.000	2291.016	0.619
2620.000	20.000	2291.016	0.619
2630.000	20.000	2291.016	0.619
2640.000	20.000	2279.297	0.602
2650.000	20.000	2279.297	0.602
2660.000	20.000	2279.297	0.602
2670.000	20.000	2337.891	0.596
2680.000	20.000	2337.891	0.596
2690.000	20.000	2337.891	0.596
2700.000	20.000	2349.609	0.624
2710.000	20.000	2349.609	0.624
2720.000	20.000	2349.609	0.624
2730.000	20.000	2433.594	0.609
2740.000	20.000	2433.594	0.609
2750.000	20.000	2433.594	0.609
2760.000	20.000	2458.984	0.600
2770.000	20.000	2458.984	0.600
2780.000	20.000	2458.984	0.600
2790.000	20.000	2484.375	0.611
2800.000	20.000	2484.375	0.611
2810.000	20.000	2484.375	0.611
2820.000	20.000	2587.891	0.601
2830.000	20.000	2587.891	0.601
2840.000	20.000	2587.891	0.601
2850.000	20.000	2589.844	0.613
2860.000	20.000	2589.844	0.613
2870.000	20.000	2589.844	0.613
2880.000	20.000	2626.953	0.624
2890.000	20.000	2626.953	0.624
2900.000	20.000	2626.953	0.624
2910.000	20.000	2648.437	0.578
2920.000	20.000	2648.437	0.578
2930.000	20.000	2648.437	0.578
2940.000	20.000	2695.312	0.595
2950.000	20.000	2695.312	0.595
2960.000	20.000	2695.312	0.595
2970.000	20.000	2707.031	0.590
2980.000	20.000	2707.031	0.590
2990.000	20.000	2707.031	0.590
3000.000	20.000	2824.219	0.606
3010.000	20.000	2824.219	0.606
3020.000	20.000	2824.219	0.606
3030.000	20.000	2837.891	0.591
3040.000	20.000	2837.891	0.591
3050.000	20.000	2837.891	0.591
3060.000	20.000	2902.344	0.634
3070.000	20.000	2902.344	0.634
3080.000	20.000	2902.344	0.634
3090.000	20.000	2937.500	0.614
3100.000	20.000	2937.500	0.614
3110.000	20.000	2937.500	0.614
3120.000	20.000	2962.891	0.605
3130.000	20.000	2962.891	0.605
3140.000	20.000	2962.891	0.605
3150.000	20.000	2992.187	0.592
3160.000	20.000	2992.187	0.592
3170.000	20.000	2992.187	0.592
3180.000	20.000	3009.766	0.577
3190.000	20.000	3009.766	0.577
3200.000	20.000	3009.766	0.577
3210.000	20.000	3078.125	0.587
3220.000	20.000	3078.125	0.587
3230.000	20.000	3078.125	0.587
3240.000	20.000	3078.125	0.597
3250.000	20.000	3078.125	0.597
3260.000	20.000	3078.125	0.597
3270.000	20.000	3144.531	0.629
3280.000	20.000	3144.531	0.629
3290.000	20.000	3144.531	0.629
3300.000	20.000	3195.312	0.587
3310.000	20.000	3195.312	0.587
3320.000	20.000	3195.312	0.587
3330.000	20.000	3187.500	0.590
3340.000	20.000	3187.500	0.590
3350.000	20.000	3187.500	0.590
3360.000	20.000	3273.437	0.585
3370.000	20.000	3273.437	0.585
3380.000	20.000	3273.437	0.585
3390.000	20.000	3291.016	0.615
3400.000	20.000	3291.016	0.615
3410.000	20.000	3291.016	0.615
3420.000	20.000	3294.922	0.625
3430.000	20.000	3294.922	0.625
3440.000	20.000	3294.922	0.625
3450.000	20.000	3388.672	0.597
3460.000	20.000	3388.672	0.597
3470.000	20.000	3388.672	0.597
3480.000	20.000	3398.437	0.615
3490.000	20.000	3398.437	0.615
3500.000	20.000	3398.437	0.615
3510.000	20.000	3468.750	0.597
3520.000	20.000	3468.750	0.597
3530.000	20.000	3468.750	0.597
3540.000	20.000	3474.609	0.611
3550.000	20.000	3474.609	0.611
3560.000	20.000	3474.609	0.611
3570.000	20.000	3560.547	0.614
3580.000	20.000	3560.547	0.614
3590.000	20.000	3560.547	0.614
3600.000	20.000	3558.594	0.593
3610.000	20.000	3558.594	0.593
3620.000	20.000	3558.594	0.593
3630.000	20.000	3638.672	0.578
3640.000	20.000	3638.672	0.578
3650.000	20.000	3638.672	0.578
3660.000	20.000	3671.875	0.605
3670.000	20.000	3671.875	0.605
3680.000	20.000	3671.875	0.605
3690.000	20.000	3708.984	0.601
3700.000	20.000	3708.984	0.601
3710.000	20.000	3708.984	0.601
3720.000	20.000	3728.516	0.593
3730.000	20.000	3728.516	0.593
3740.000	20.000	3728.516	0.593
3750.000	20.000	3791.016	0.596
3760.000	20.000	3791.016	0.596
3770.000	20.000	3791.016	0.596
3780.000	20.000	3820.312	0.590
3790.000	20.000	3820.312	0.590
3800.000	20.000	3820.312	0.590
3810.000	20.000	3816.406	0.595
3820.000	20.000	3816.406	0.595
3830.000	20.000	3816.406	0.595
3840.000	20.000	3900.391	0.602
3850.000	20.000	3900.391	0.602
3860.000	20.000	3900.391	0.602
3870.000	20.000	3927.734	0.575
3880.000	20.000	3927.734	0.575
3890.000	20.000	3927.734	0.575
3900.000	20.000	3968.750	0.604
3910.000	20.000	3968.750	0.604
3920.000	20.000	3968.750	0.604
3930.000	20.000	3992.187	0.607
3940.000	20.000	3992.187	0.607
3950.000	20.000	3992.187	0.607
3960.000	20.000	3998.047	0.600
3970.000	20.000	3998.047	0.600
3980.000	20.000	3998.047	0.600
3990.000	20.000	3998.047	0.579
4000.000	20.000	3998.047	0.579
4010.000	20.000	3998.047	0.579
4020.000	20.000	3998.047	0.611
4030.000	20.000	3998.047	0.611
4040.000	20.000	3998.047	0.611
4050.000	20.000	3998.047	0.611
4060.000	20.000	3998.047	0.611
4070.000	20.000	3998.047	0.611
4080.000	20.000	3998.047	0.597
4090.000	20.000	3998.047	0.597
4100.000	20.000	3998.047	0.597
4110.000	20.000	3998.047	0.487
4120.000	20.000	3998.047	0.487
4130.000	20.000	3998.047	0.487
4140.000	20.000	3998.047	0.274
4150.000	20.000	3998.047	0.274
4160.000	20.000	3998.047	0.274
4170.000	20.000	3998.047	0.112
4180.000	20.000	3998.047	0.112
4190.000	20.000	3998.047	0.112
4200.000	20.000	3998.047	-0.075
4210.000	20.000	3998.047	-0.075
4220.000	20.000	3998.047	-0.075
4230.000	20.000	3998.047	-0.213
4240.000	20.000	3998.047	-0.213
4250.000	20.000	3998.047	-0.213
4260.000	20.000	3998.047	-0.282
4270.000	20.000	3998.047	-0.282
4280.000	20.000	3998.047	-0.282
4290.000	20.000	3998.047	-0.257
4300.000	20.000	3998.047	-0.257
4310.000	20.000	3998.047	-0.257
4320.000	20.000	3998.047	-0.165
4330.000	20.000	3998.047	-0.165
4340.000	20.000	3998.047	-0.165
4350.000	20.000	3980.469	-0.048
4360.000	20.000	3980.469	-0.048
4370.000	20.000	3980.469	-0.048
4380.000	20.000	3998.047	0.054
4390.000	20.000	3998.047	0.054
4400.000	20.000	3998.047	0.054
4410.000	20.000	3998.047	0.195
4420.000	20.000	3998.047	0.195
4430.000	20.000	3998.047	0.195
4440.000	20.000	3998.047	0.366
4450.000	20.000	3998.047	0.366
4460.000	20.000	3998.047	0.366
4470.000	20.000	3998.047	0.497
4480.000	20.000	3998.047	0.497
4490.000	20.000	3998.047	0.497
4500.000	20.000	3998.047	0.521
4510.000	20.000	3998.047	0.521
4520.000	20.000	3998.047	0.521
4530.000	20.000	3998.047	0.509
4540.000	20.000	3998.047	0.509
4550.000	20.000	3998.047	0.509
4560.000	20.000	3998.047	0.401
4570.000	20.000	3998.047	0.401
4580.000	20.000	3998.047	0.401
4590.000	20.000	3998.047	0.305
4600.000	20.000	3998.047	0.305
4610.000	20.000	3998.047	0.305
4620.000	20.000	3998.047	0.208
4630.000	20.000	3998.047	0.208
4640.000	20.000	3998.047	0.208
4650.000	20.000	3998.047	0.129
4660.000	20.000	3998.047	0.129
4670.000	20.000	3998.047	0.129
4680.000	20.000	3998.047	0.043
4690.000	20.000	3998.047	0.043
4700.000	20.000	3998.047	0.043
4710.000	20.000	3998.047	0.039
4720.000	20.000	3998.047	0.039
4730.000	20.000	3998.047	0.039
4740.000	20.000	3998.047	0.054
4750.000	20.000	3998.047	0.054
4760.000	20.000	3998.047	0.054
4770.000	20.000	3998.047	0.052
4780.000	20.000	3998.047	0.052
4790.000	20.000	3998.047	0.052
4800.000	20.000	3998.047	0.063
4810.000	20.000	3998.047	0.063
4820.000	20.000	3998.047	0.063
4830.000	20.000	3998.047	0.115
4840.000	20.000	3998.047	0.115
4850.000	20.000	3998.047	0.115
4860.000	20.000	3998.047	0.134
4870.000	20.000	3998.047	0.134
4880.000	20.000	3998.047	0.134
4890.000	20.000	3998.047	0.197
4900.000	20.000	3998.047	0.197
4910.000	20.000	3998.047	0.197
4920.000	20.000	3998.047	0.235
4930.000	20.000	3998.047	0.235
4940.000	20.000	3998.047	0.235
4950.000	20.000	3998.047	0.268
4960.000	20.000	3998.047	0.268
4970.000	20.000	3998.047	0.268
4980.000	20.000	3998.047	0.306
4990.000	20.000	3998.047	0.306
5000.000	20.000	3998.047	0.306
5010.000	20.000	3998.047	0.317
5020.000	20.000	3998.047	0.317
5030.000	20.000	3998.047	0.317
5040.000	20.000	3998.047	0.271
5050.000	20.000	3998.047	0.271
5060.000	20.000	3998.047	0.271
5070.000	20.000	3998.047	0.207
5080.000	20.000	3998.047	0.207
5090.000	20.000	3998.047	0.207
5100.000	20.000	3998.047	0.199
5110.000	20.000	3998.047	0.199
5120.000	20.000	3998.047	0.199
5130.000	20.000	3998.047	0.170
5140.000	20.000	3998.047	0.170
5150.000	20.000	3998.047	0.170
5160.000	20.000	3998.047	0.161
5170.000	20.000	3998.047	0.161
5180.000	20.000	3998.047	0.161
5190.000	20.000	3998.047	0.135
5200.000	20.000	3998.047	0.135
5210.000	20.000	3998.047	0.135
5220.000	20.000	3998.047	0.118
5230.000	20.000	3998.047	0.118
5240.000	20.000	3998.047	0.118
5250.000	20.000	3998.047	0.123
5260.000	20.000	3998.047	0.123
5270.000	20.000	3998.047	0.123
5280.000	20.000	3998.047	0.153
5290.000	20.000	3998.047	0.153
5300.000	20.000	3998.047	0.153
5310.000	20.000	3998.047	0.169
5320.000	20.000	3998.047	0.169
5330.000	20.000	3998.047	0.169
5340.000	20.000	3998.047	0.198
5350.000	20.000	3998.047	0.198
5360.000	20.000	3998.047	0.198
5370.000	20.000	3998.047	0.202
5380.000	20.000	3998.047	0.202
5390.000	20.000	3998.047	0.202
5400.000	20.000	3998.047	0.230
5410.000	20.000	3998.047	0.230
5420.000	20.000	3998.047	0.230
5430.000	20.000	3998.047	0.247
5440.000	20.000	3998.047	0.247
5450.000	20.000	3998.047	0.247
5460.000	20.000	3998.047	0.226
5470.000	20.000	3998.047	0.226
5480.000	20.000	3998.047	0.226
5490.000	20.000	3998.047	0.229
5500.000	20.000	3998.047	0.229
5510.000	20.000	3998.047	0.229
5520.000	20.000	3998.047	0.202
5530.000	20.000	3998.047	0.202
5540.000	20.000	3998.047	0.202
5550.000	20.000	3998.047	0.196
5560.000	20.000	3998.047	0.196
5570.000	20.000	3998.047	0.196
5580.000	20.000	3998.047	0.160
5590.000	20.000	3998.047	0.160
5600.000	20.000	3998.047	0.160
5610.000	20.000	3998.047	0.194
5620.000	20.000	3998.047	0.194
5630.000	20.000	3998.047	0.194
5640.000	20.000	3998.047	0.176
5650.000	20.000	3998.047	0.176
5660.000	20.000	3998.047	0.176
5670.000	20.000	3998.047	0.151
5680.000	20.000	3998.047	0.151
5690.000	20.000	3998.047	0.151
5700.000	20.000	3998.047	0.168
5710.000	20.000	3998.047	0.168
5720.000	20.000	3998.047	0.168
5730.000	20.000	3998.047	0.178
5740.000	20.000	3998.047	0.178
5750.000	20.000	3998.047	0.178
5760.000	20.000	3998.047	0.189
5770.000	20.000	3998.047	0.189
5780.000	20.000	3998.047	0.189
5790.000	20.000	3998.047	0.195
5800.000	20.000	3998.047	0.195
5810.000	20.000	3998.047	0.195
5820.000	20.000	3998.047	0.189
5830.000	20.000	3998.047	0.189
5840.000	20.000	3998.047	0.189
5850.000	20.000	3998.047	0.188
5860.000	20.000	3998.047	0.188
5870.000	20.000	3998.047	0.188
5880.000	20.000	3998.047	0.199
5890.000	20.000	3998.047	0.199
5900.000	20.000	3998.047	0.199
5910.000	20.000	3998.047	0.210
5920.000	20.000	3998.047	0.210
5930.000	20.000	3998.047	0.210
5940.000	20.000	3998.047	0.208
5950.000	20.000	3998.047	0.208
5960.000	20.000	3998.047	0.208
5970.000	20.000	3998.047	0.182
5980.000	20.000	3998.047	0.182
5990.000	20.000	3998.047	0.182
6000.000	20.000	3998.047	0.183
6010.000	20.000	3998.047	0.183
6020.000	20.000	3998.047	0.183
6030.000	20.000	3998.047	0.185
6040.000	20.000	3998.047	0.185
6050.000	20.000	3998.047	0.185
6060.000	20.000	3998.047	0.173
6070.000	20.000	3998.047	0.173
6080.000	20.000	3998.047	0.173
6090.000	20.000	3998.047	0.175
6100.000	20.000	3998.047	0.175
6110.000	20.000	3998.047	0.175
6120.000	20.000	3998.047	0.058
6130.000	20.000	3998.047	0.058
6140.000	20.000	3998.047	0.058
6150.000	20.000	3998.047	0.005
6160.000	20.000	3998.047	0.005
6170.000	20.000	3998.047	0.005
6180.000	20.000	3998.047	0.007
6190.000	20.000	3998.047	0.007
6200.000	20.000	3998.047	0.007
6210.000	20.000	3998.047	-0.002
6220.000	20.000	3998.047	-0.002
6230.000	20.000	3998.047	-0.002
6240.000	20.000	3998.047	0.009
6250.000	20.000	3998.047	0.009
6260.000	20.000	3998.047	0.009
6270.000	20.000	3998.047	-0.015
6280.000	20.000	3998.047	-0.015
6290.000	20.000	3998.047	-0.015
6300.000	20.000	3966.797	0.018
6310.000	20.000	3966.797	0.018
6320.000	20.000	3966.797	0.018
6330.000	20.000	3953.125	-0.012
6340.000	20.000	3953.125	-0.012
6350.000	20.000	3953.125	-0.012
6360.000	20.000	3949.219	-0.022
6370.000	20.000	3949.219	-0.022
6380.000	20.000	3949.219	-0.022
6390.000	20.000	3921.875	-0.017
6400.000	20.000	3921.875	-0.017
6410.000	20.000	3921.875	-0.017
6420.000	20.000	3925.781	-0.007
6430.000	20.000	3925.781	-0.007
6440.000	20.000	3925.781	-0.007
6450.000	20.000	3884.766	0.015
6460.000	20.000	3884.766	0.015
6470.000	20.000	3884.766	0.015
6480.000	20.000	3873.047	0.006
6490.000	20.000	3873.047	0.006
6500.000	20.000	3873.047	0.006
6510.000	20.000	3851.562	0.014
6520.000	20.000	3851.562	0.014
6530.000	20.000	3851.562	0.014
6540.000	20.000	3865.234	-0.036
6550.000	20.000	3865.234	-0.036
6560.000	20.000	3865.234	-0.036
6570.000	20.000	3851.562	-0.019
6580.000	20.000	3851.562	-0.019
6590.000	20.000	3851.562	-0.019
6600.000	20.000	3783.203	0.011
6610.000	20.000	3783.203	0.011
6620.000	20.000	3783.203	0.011
6630.000	20.000	3808.594	-0.026
6640.000	20.000	3808.594	-0.026
6650.000	20.000	3808.594	-0.026
6660.000	20.000	3777.344	-0.006
6670.000	20.000	3777.344	-0.006
6680.000	20.000	3777.344	-0.006
6690.000	20.000	3728.516	0.006
6700.000	20.000	3728.516	0.006
6710.000	20.000	3728.516	0.006
6720.000	20.000	3736.328	0.015
6730.000	20.000	3736.328	0.015
6740.000	20.000	3736.328	0.015
6750.000	20.000	3726.562	-0.001
6760.000	20.000	3726.562	-0.001
6770.000	20.000	3726.562	-0.001
6780.000	20.000	3714.844	-0.007
6790.000	20.000	3714.844	-0.007
6800.000	20.000	3714.844	-0.007
6810.000	20.000	3646.484	0.010
6820.000	20.000	3646.484	0.010
6830.000	20.000	3646.484	0.010
6840.000	20.000	3667.969	-0.005
6850.000	20.000	3667.969	-0.005
6860.000	20.000	3667.969	-0.005
6870.000	20.000	3656.250	-0.018
6880.000	20.000	3656.250	-0.018
6890.000	20.000	3656.250	-0.018
6900.000	20.000	3654.297	-0.027
6910.000	20.000	3654.297	-0.027
6920.000	20.000	3654.297	-0.027
6930.000	20.000	3605.469	0.003
6940.000	20.000	3605.469	0.003
6950.000	20.000	3605.469	0.003
6960.000	20.000	3617.187	-0.011
6970.000	20.000	3617.187	-0.011
6980.000	20.000	3617.187	-0.011
6990.000	20.000	3625.000	-0.027
7000.000	20.000	3625.000	-0.027
7010.000	20.000	3625.000	-0.027
7020.000	20.000	3572.266	-0.026
