%Time [ms]	Commanded Torque [mNm]	Angular Velocity [RPM]	Actual Current [Amp]	%9/23/20259:51 AM
0.000	0.000	0.000	0.000
3995110.000	8.000	0.000	0.007
20.000	8.000	0.000	0.003
30.000	8.000	0.000	0.004
40.000	8.000	0.000	0.004
50.000	8.000	0.000	0.007
60.000	8.000	0.000	0.007
70.000	8.000	0.000	0.008
80.000	8.000	0.000	0.006
90.000	8.000	0.000	0.008
100.000	8.000	0.000	0.008
110.000	8.000	0.000	0.008
120.000	8.000	0.000	0.008
130.000	8.000	0.000	0.007
140.000	8.000	0.000	0.006
150.000	8.000	0.000	0.009
160.000	8.000	0.000	0.008
170.000	8.000	0.000	0.006
180.000	8.000	0.000	0.007
190.000	8.000	0.000	0.007
200.000	8.000	0.000	0.008
210.000	8.000	0.000	0.007
220.000	8.000	0.000	0.008
230.000	8.000	0.000	0.008
240.000	8.000	0.000	0.009
250.000	8.000	0.000	0.012
260.000	8.000	0.000	0.007
270.000	8.000	0.000	0.015
280.000	8.000	0.000	0.007
290.000	8.000	0.000	0.007
300.000	8.000	0.000	0.007
310.000	8.000	0.000	0.008
320.000	8.000	0.000	0.009
330.000	8.000	0.000	0.007
340.000	8.000	0.000	0.008
350.000	8.000	0.000	0.008
360.000	8.000	0.000	0.007
370.000	8.000	0.000	0.009
380.000	8.000	0.000	0.007
390.000	8.000	0.000	0.007
400.000	8.000	0.000	0.008
410.000	8.000	0.000	0.007
420.000	8.000	0.000	0.003
430.000	8.000	0.000	0.007
440.000	8.000	0.000	0.009
450.000	8.000	0.000	0.004
460.000	8.000	-0.081	0.012
470.000	8.000	-0.081	0.003
480.000	8.000	-0.081	0.007
490.000	8.000	-0.081	0.008
500.000	8.000	-0.081	0.009
510.000	8.000	-0.081	0.008
520.000	8.000	-0.081	0.008
530.000	8.000	-0.081	0.007
540.000	8.000	-0.081	0.007
550.000	8.000	-0.081	0.006
560.000	8.000	0.000	0.006
570.000	8.000	0.000	0.008
580.000	8.000	0.000	0.009
590.000	8.000	0.000	0.008
600.000	8.000	0.000	0.007
610.000	8.000	0.000	0.008
620.000	8.000	0.000	0.007
630.000	8.000	0.000	0.006
640.000	8.000	0.000	0.007
650.000	8.000	0.000	0.001
660.000	8.000	0.000	0.004
670.000	8.000	0.000	0.002
680.000	8.000	0.000	0.006
690.000	8.000	0.000	0.004
700.000	8.000	0.000	0.006
710.000	8.000	0.000	0.004
720.000	8.000	0.000	0.009
730.000	8.000	0.000	0.004
740.000	8.000	0.000	0.006
750.000	8.000	0.000	0.006
760.000	8.000	0.000	0.002
770.000	8.000	0.000	0.008
780.000	8.000	0.000	0.006
790.000	8.000	0.000	0.003
800.000	8.000	0.000	0.009
810.000	8.000	0.000	0.006
820.000	8.000	0.000	0.007
830.000	8.000	0.000	0.004
840.000	8.000	0.000	0.007
850.000	8.000	0.000	0.006
860.000	8.000	0.000	0.006
870.000	8.000	0.000	0.007
880.000	8.000	0.000	0.004
890.000	8.000	0.000	0.004
900.000	8.000	0.000	0.007
910.000	8.000	0.000	0.004
920.000	8.000	0.073	0.007
930.000	8.000	0.073	0.004
940.000	8.000	0.073	0.006
950.000	8.000	0.073	0.006
960.000	8.000	0.073	0.002
970.000	8.000	0.073	0.006
980.000	8.000	0.073	0.006
990.000	8.000	0.073	0.004
1000.000	8.000	0.073	0.004
1010.000	8.000	0.073	0.004
1020.000	8.000	0.000	0.001
1030.000	8.000	0.000	0.006
1040.000	8.000	0.000	0.003
1050.000	8.000	-0.073	0.026
1060.000	8.000	-0.073	0.104
1070.000	8.000	-0.073	0.167
1080.000	8.000	-0.073	0.205
1090.000	8.000	-0.155	0.234
1100.000	8.000	-0.288	0.256
1110.000	8.000	-0.361	0.277
1120.000	8.000	-0.442	0.294
1130.000	8.000	-0.576	0.296
1140.000	8.000	-0.722	0.305
1150.000	8.000	-0.812	0.308
1160.000	8.000	-0.945	0.312
1170.000	8.000	-1.091	0.314
1180.000	8.000	-1.254	0.314
1190.000	8.000	-1.306	0.317
1200.000	8.000	-1.319	0.317
1210.000	8.000	-1.490	0.317
1220.000	8.000	-1.542	0.319
1230.000	8.000	-1.628	0.318
1240.000	8.000	-1.726	0.319
1250.000	8.000	-1.896	0.322
1260.000	8.000	-2.056	0.319
1270.000	8.000	-2.235	0.319
1280.000	8.000	-2.272	0.324
1290.000	8.000	-2.359	0.321
1300.000	8.000	-2.456	0.323
1310.000	8.000	-2.412	0.321
1320.000	8.000	-2.498	0.314
1330.000	8.000	-2.604	0.318
1340.000	8.000	-2.626	0.318
1350.000	8.000	-2.733	0.322
1360.000	8.000	-2.847	0.321
1370.000	8.000	-2.788	0.322
1380.000	8.000	-2.881	0.319
1390.000	8.000	-2.987	0.321
1400.000	8.000	-3.075	0.319
1410.000	8.000	-3.388	0.318
1420.000	8.000	-3.657	0.321
1430.000	8.000	-3.664	0.319
1440.000	8.000	-3.691	0.318
1450.000	8.000	-3.658	0.323
1460.000	8.000	-3.584	0.321
1470.000	8.000	-3.904	0.302
1480.000	8.000	-4.181	0.319
1490.000	8.000	-4.188	0.319
1500.000	8.000	-4.295	0.319
1510.000	8.000	-4.352	0.318
1520.000	8.000	-4.529	0.323
1530.000	8.000	-4.636	0.321
1540.000	8.000	-4.750	0.319
1550.000	8.000	-4.742	0.318
1560.000	8.000	-4.922	0.321
1570.000	8.000	-4.987	0.321
1580.000	8.000	-4.884	0.319
1590.000	8.000	-5.063	0.316
1600.000	8.000	-5.194	0.318
1610.000	8.000	-5.356	0.317
1620.000	8.000	-5.203	0.316
1630.000	8.000	-5.252	0.318
1640.000	8.000	-5.311	0.318
1650.000	8.000	-5.644	0.318
1660.000	8.000	-5.782	0.322
1670.000	8.000	-5.664	0.316
1680.000	8.000	-5.857	0.321
1690.000	8.000	-6.240	0.321
1700.000	8.000	-6.136	0.319
1710.000	8.000	-5.843	0.319
1720.000	8.000	-5.981	0.321
1730.000	8.000	-6.226	0.318
1740.000	8.000	-6.345	0.319
1750.000	8.000	-6.272	0.317
1760.000	8.000	-6.500	0.316
1770.000	8.000	-6.553	0.321
1780.000	8.000	-6.464	0.319
1790.000	8.000	-6.168	0.321
1800.000	8.000	-6.507	0.322
1810.000	8.000	-6.800	0.321
1820.000	8.000	-6.815	0.322
1830.000	8.000	-7.035	0.318
1840.000	8.000	-7.035	0.319
1850.000	8.000	-6.888	0.322
1860.000	8.000	-6.905	0.319
1870.000	8.000	-7.051	0.319
1880.000	8.000	-7.147	0.321
1890.000	8.000	-7.525	0.321
1900.000	8.000	-7.451	0.324
1910.000	8.000	-7.305	0.319
1920.000	8.000	-7.445	0.324
1930.000	8.000	-7.372	0.319
1940.000	8.000	-7.518	0.322
1950.000	8.000	-7.958	0.323
1960.000	8.000	-7.958	0.321
1970.000	8.000	-7.811	0.322
1980.000	8.000	-8.024	0.323
1990.000	8.000	-7.926	0.321
2000.000	8.000	-7.860	0.319
2010.000	8.000	-8.299	0.319
2020.000	8.000	-8.307	0.318
2030.000	8.000	-8.161	0.318
2040.000	8.000	-8.454	0.321
2050.000	8.000	-8.307	0.321
2060.000	8.000	-8.411	0.319
2070.000	8.000	-8.704	0.313
2080.000	8.000	-8.557	0.321
2090.000	8.000	-8.544	0.319
2100.000	8.000	-8.684	0.318
2110.000	8.000	-8.635	0.316
2120.000	8.000	-8.887	0.318
2130.000	8.000	-8.813	0.318
2140.000	8.000	-8.927	0.321
2150.000	8.000	-8.987	0.319
2160.000	8.000	-8.867	0.321
2170.000	8.000	-9.291	0.314
2180.000	8.000	-9.224	0.319
2190.000	8.000	-9.311	0.318
2200.000	8.000	-9.563	0.318
2210.000	8.000	-9.385	0.322
2220.000	8.000	-9.492	0.317
2230.000	8.000	-9.647	0.322
2240.000	8.000	-9.439	0.321
2250.000	8.000	-9.632	0.323
2260.000	8.000	-9.778	0.319
2270.000	8.000	-9.541	0.316
2280.000	8.000	-9.608	0.321
2290.000	8.000	-9.877	0.319
2300.000	8.000	-9.698	0.318
2310.000	8.000	-10.070	0.319
2320.000	8.000	-9.843	0.319
2330.000	8.000	-9.843	0.319
2340.000	8.000	-10.156	0.321
2350.000	8.000	-10.269	0.324
2360.000	8.000	-10.269	0.324
2370.000	8.000	-10.010	0.325
2380.000	8.000	-10.107	0.323
2390.000	8.000	-10.107	0.323
2400.000	8.000	-10.254	0.323
2410.000	8.000	-10.107	0.323
2420.000	8.000	-10.107	0.323
2430.000	8.000	-10.547	0.321
2440.000	8.000	-10.547	0.319
2450.000	8.000	-10.547	0.319
2460.000	8.000	-10.107	0.318
2470.000	8.000	-10.327	0.321
2480.000	8.000	-10.327	0.321
2490.000	8.000	-10.547	0.319
2500.000	8.000	-10.327	0.319
2510.000	8.000	-10.327	0.319
2520.000	8.000	-10.767	0.318
2530.000	8.000	-10.520	0.321
2540.000	8.000	-10.886	0.319
2550.000	8.000	-10.374	0.319
2560.000	8.000	-10.813	0.321
2570.000	8.000	-10.740	0.319
2580.000	8.000	-11.033	0.319
2590.000	8.000	-10.756	0.322
2600.000	8.000	-10.863	0.318
2610.000	8.000	-11.009	0.321
2620.000	8.000	-11.237	0.327
2630.000	8.000	-11.037	0.321
2640.000	8.000	-10.818	0.318
2650.000	8.000	-11.233	0.319
2660.000	8.000	-11.119	0.319
2670.000	8.000	-11.193	0.322
2680.000	8.000	-10.932	0.321
2690.000	8.000	-11.282	0.321
2700.000	8.000	-11.322	0.323
2710.000	8.000	-11.542	0.323
2720.000	8.000	-10.861	0.323
2730.000	8.000	-11.307	0.322
2740.000	8.000	-11.503	0.319
2750.000	8.000	-11.674	0.319
2760.000	8.000	-11.421	0.318
2770.000	8.000	-11.640	0.318
2780.000	8.000	-11.714	0.318
2790.000	8.000	-11.714	0.318
2800.000	8.000	-11.519	0.318
2810.000	8.000	-11.592	0.317
2820.000	8.000	-11.825	0.318
2830.000	8.000	-11.825	0.314
2840.000	8.000	-11.537	0.318
2850.000	8.000	-11.464	0.318
2860.000	8.000	-11.683	0.318
2870.000	8.000	-11.683	0.319
2880.000	8.000	-11.446	0.318
2890.000	8.000	-11.520	0.321
2900.000	8.000	-11.542	0.317
2910.000	8.000	-11.542	0.317
2920.000	8.000	-11.501	0.319
2930.000	8.000	-11.648	0.318
2940.000	8.000	-11.814	0.318
2950.000	8.000	-11.887	0.319
2960.000	8.000	-11.721	0.321
2970.000	8.000	-11.794	0.336
2980.000	8.000	-12.201	0.318
2990.000	8.000	-12.015	0.319
3000.000	8.000	-12.237	0.321
3010.000	8.000	-12.237	0.319
3020.000	8.000	-12.510	0.329
3030.000	8.000	-12.144	0.322
3040.000	8.000	-12.291	0.321
3050.000	8.000	-12.201	0.322
3060.000	8.000	-12.734	0.321
3070.000	8.000	-12.294	0.321
3080.000	8.000	-12.324	0.321
3090.000	8.000	-12.413	0.319
3100.000	8.000	-12.657	0.318
3110.000	8.000	-12.291	0.321
3120.000	8.000	-12.224	0.313
3130.000	8.000	-12.501	0.318
3140.000	8.000	-12.647	0.317
3150.000	8.000	-12.371	0.319
3160.000	8.000	-12.297	0.314
3170.000	8.000	-12.743	0.317
3180.000	8.000	-12.510	0.322
3190.000	8.000	-12.754	0.322
3200.000	8.000	-12.355	0.321
3210.000	8.000	-13.030	0.319
3220.000	8.000	-12.791	0.317
3230.000	8.000	-12.887	0.321
3240.000	8.000	-12.740	0.319
3250.000	8.000	-13.180	0.319
3260.000	8.000	-12.960	0.319
3270.000	8.000	-12.954	0.313
3280.000	8.000	-13.320	0.321
3290.000	8.000	-12.854	0.319
3300.000	8.000	-13.253	0.321
3310.000	8.000	-13.009	0.322
3320.000	8.000	-13.448	0.324
3330.000	8.000	-13.076	0.321
3340.000	8.000	-13.222	0.321
3350.000	8.000	-13.155	0.318
3360.000	8.000	-13.155	0.321
3370.000	8.000	-13.310	0.318
3380.000	8.000	-13.164	0.319
3390.000	8.000	-13.630	0.321
3400.000	8.000	-13.263	0.314
3410.000	8.000	-13.212	0.318
3420.000	8.000	-13.285	0.318
3430.000	8.000	-13.562	0.318
3440.000	8.000	-13.708	0.323
3450.000	8.000	-13.555	0.321
3460.000	8.000	-13.848	0.319
3470.000	8.000	-13.567	0.319
3480.000	8.000	-13.494	0.318
3490.000	8.000	-13.819	0.319
3500.000	8.000	-13.892	0.319
3510.000	8.000	-14.099	0.316
3520.000	8.000	-14.172	0.303
3530.000	8.000	-14.068	0.319
3540.000	8.000	-13.995	0.319
3550.000	8.000	-14.215	0.321
3560.000	8.000	-14.288	0.321
3570.000	8.000	-14.415	0.318
3580.000	8.000	-14.561	0.317
3590.000	8.000	-14.302	0.321
3600.000	8.000	-14.449	0.321
3610.000	8.000	-14.457	0.322
3620.000	8.000	-14.444	0.314
3630.000	8.000	-14.417	0.321
3640.000	8.000	-14.637	0.321
3650.000	8.000	-14.856	0.321
3660.000	8.000	-14.620	0.321
3670.000	8.000	-14.840	0.313
3680.000	8.000	-15.046	0.318
3690.000	8.000	-14.760	0.317
3700.000	8.000	-15.525	0.319
3710.000	8.000	-15.525	0.319
3720.000	8.000	-15.172	0.319
3730.000	8.000	-15.685	0.319
3740.000	8.000	-15.685	0.319
3750.000	8.000	-15.319	0.321
3760.000	8.000	-15.994	0.321
3770.000	8.000	-15.994	0.321
3780.000	8.000	-16.154	0.321
3790.000	8.000	-16.113	0.321
3800.000	8.000	-16.113	0.321
3810.000	8.000	-15.820	0.319
3820.000	8.000	-16.479	0.322
3830.000	8.000	-16.479	0.322
3840.000	8.000	-16.260	0.323
3850.000	8.000	-16.553	0.322
3860.000	8.000	-16.553	0.322
3870.000	8.000	-16.479	0.319
3880.000	8.000	-16.772	0.319
3890.000	8.000	-16.772	0.319
3900.000	8.000	-16.772	0.317
3910.000	8.000	-17.139	0.318
3920.000	8.000	-17.139	0.318
3930.000	8.000	-17.139	0.321
3940.000	8.000	-17.578	0.321
3950.000	8.000	-17.578	0.321
3960.000	8.000	-17.798	0.322
3970.000	8.000	-17.651	0.322
3980.000	8.000	-17.651	0.322
3990.000	8.000	-18.237	0.319
4000.000	8.000	-18.237	0.319
4010.000	8.000	-18.237	0.319
4020.000	8.000	-18.311	0.319
4030.000	8.000	-18.530	0.317
4040.000	8.000	-18.677	0.322
4050.000	8.000	-18.750	0.322
4060.000	8.000	-18.896	0.322
4070.000	8.000	-19.023	0.317
4080.000	8.000	-19.023	0.319
4090.000	8.000	-19.161	0.321
4100.000	8.000	-19.261	0.314
4110.000	8.000	-19.334	0.318
4120.000	8.000	-20.002	0.316
4130.000	8.000	-20.015	0.321
4140.000	8.000	-19.722	0.319
4150.000	8.000	-20.178	0.321
4160.000	8.000	-19.991	0.321
4170.000	8.000	-20.524	0.318
4180.000	8.000	-20.907	0.321
4190.000	8.000	-20.722	0.319
4200.000	8.000	-20.988	0.319
4210.000	8.000	-21.379	0.321
4220.000	8.000	-21.231	0.351
4230.000	8.000	-21.144	0.322
4240.000	8.000	-22.064	0.325
4250.000	8.000	-21.768	0.322
4260.000	8.000	-22.247	0.323
4270.000	8.000	-22.329	0.319
4280.000	8.000	-22.232	0.317
4290.000	8.000	-22.425	0.316
4300.000	8.000	-22.995	0.316
4310.000	8.000	-22.551	0.318
4320.000	8.000	-22.838	0.316
4330.000	8.000	-23.383	0.318
4340.000	8.000	-23.176	0.321
4350.000	8.000	-23.773	0.318
4360.000	8.000	-23.691	0.321
4370.000	8.000	-24.276	0.321
4380.000	8.000	-24.276	0.321
4390.000	8.000	-24.422	0.322
4400.000	8.000	-24.052	0.321
4410.000	8.000	-24.472	0.322
4420.000	8.000	-24.903	0.317
4430.000	8.000	-24.871	0.319
4440.000	8.000	-25.037	0.316
4450.000	8.000	-25.232	0.319
4460.000	8.000	-25.232	0.319
4470.000	8.000	-25.891	0.319
4480.000	8.000	-26.119	0.318
4490.000	8.000	-26.119	0.318
4500.000	8.000	-26.286	0.321
4510.000	8.000	-26.514	0.318
4520.000	8.000	-26.514	0.318
4530.000	8.000	-26.807	0.322
4540.000	8.000	-27.173	0.322
4550.000	8.000	-27.173	0.322
4560.000	8.000	-27.213	0.322
4570.000	8.000	-27.367	0.314
4580.000	8.000	-27.534	0.317
4590.000	8.000	-27.754	0.317
4600.000	8.000	-28.201	0.319
4610.000	8.000	-28.228	0.319
4620.000	8.000	-28.667	0.319
4630.000	8.000	-28.895	0.318
4640.000	8.000	-28.695	0.321
4650.000	8.000	-29.062	0.322
4660.000	8.000	-29.787	0.319
4670.000	8.000	-29.572	0.323
4680.000	8.000	-29.845	0.323
4690.000	8.000	-30.260	0.319
4700.000	8.000	-30.245	0.317
4710.000	8.000	-30.658	0.317
4720.000	8.000	-30.862	0.321
4730.000	8.000	-30.847	0.321
4740.000	8.000	-31.193	0.322
4750.000	8.000	-31.340	0.322
4760.000	8.000	-31.307	0.319
4770.000	8.000	-31.880	0.316
4780.000	8.000	-32.213	0.324
4790.000	8.000	-31.725	0.322
4800.000	8.000	-32.318	0.323
4810.000	8.000	-32.578	0.319
4820.000	8.000	-32.141	0.312
4830.000	8.000	-32.661	0.316
4840.000	8.000	-33.165	0.318
4850.000	8.000	-33.272	0.319
4860.000	8.000	-33.272	0.319
4870.000	8.000	-33.972	0.316
4880.000	8.000	-33.698	0.318
4890.000	8.000	-34.211	0.323
4900.000	8.000	-34.365	0.323
4910.000	8.000	-34.558	0.325
4920.000	8.000	-34.644	0.325
4930.000	8.000	-34.986	0.317
4940.000	8.000	-34.986	0.317
4950.000	8.000	-35.392	0.319
4960.000	8.000	-35.205	0.324
4970.000	8.000	-35.205	0.324
4980.000	8.000	-35.585	0.323
4990.000	8.000	-35.650	0.324
5000.000	8.000	-35.650	0.324
5010.000	8.000	-35.856	0.322
5020.000	8.000	-35.889	0.318
5030.000	8.000	-35.889	0.318
5040.000	8.000	-36.401	0.316
5050.000	8.000	-36.401	0.318
5060.000	8.000	-36.401	0.318
5070.000	8.000	-36.328	0.317
5080.000	8.000	-36.768	0.319
5090.000	8.000	-36.768	0.319
5100.000	8.000	-36.841	0.323
5110.000	8.000	-37.061	0.322
5120.000	8.000	-37.061	0.322
5130.000	8.000	-37.280	0.317
5140.000	8.000	-37.207	0.316
5150.000	8.000	-37.167	0.321
5160.000	8.000	-37.167	0.319
5170.000	8.000	-37.647	0.322
5180.000	8.000	-37.294	0.319
5190.000	8.000	-37.807	0.319
5200.000	8.000	-37.880	0.323
5210.000	8.000	-37.727	0.321
5220.000	8.000	-37.727	0.323
5230.000	8.000	-37.581	0.319
5240.000	8.000	-38.329	0.317
5250.000	8.000	-38.516	0.318
5260.000	8.000	-38.516	0.321
5270.000	8.000	-38.175	0.316
5280.000	8.000	-38.235	0.319
5290.000	8.000	-38.317	0.322
5300.000	8.000	-38.543	0.322
5310.000	8.000	-38.836	0.319
5320.000	8.000	-38.690	0.312
5330.000	8.000	-38.234	0.318
5340.000	8.000	-38.234	0.318
5350.000	8.000	-38.600	0.318
5360.000	8.000	-38.680	0.310
5370.000	8.000	-38.680	0.310
5380.000	8.000	-38.232	0.322
5390.000	8.000	-38.452	0.322
5400.000	8.000	-38.452	0.322
5410.000	8.000	-38.599	0.317
5420.000	8.000	-38.599	0.317
5430.000	8.000	-38.892	0.317
5440.000	8.000	-38.379	0.317
5450.000	8.000	-38.379	0.317
5460.000	8.000	-38.745	0.319
5470.000	8.000	-38.818	0.319
5480.000	8.000	-38.818	0.319
5490.000	8.000	-38.965	0.321
5500.000	8.000	-38.525	0.321
5510.000	8.000	-38.525	0.321
5520.000	8.000	-38.965	0.319
5530.000	8.000	-39.038	0.321
5540.000	8.000	-38.965	0.317
5550.000	8.000	-39.258	0.318
5560.000	8.000	-39.038	0.319
5570.000	8.000	-38.679	0.323
5580.000	8.000	-38.898	0.322
5590.000	8.000	-39.411	0.319
5600.000	8.000	-39.338	0.322
5610.000	8.000	-39.338	0.317
5620.000	8.000	-39.264	0.317
5630.000	8.000	-38.898	0.314
5640.000	8.000	-39.118	0.318
5650.000	8.000	-39.736	0.318
5660.000	8.000	-39.517	0.321
5670.000	8.000	-39.876	0.324
5680.000	8.000	-39.803	0.322
5690.000	8.000	-39.137	0.322
5700.000	8.000	-39.284	0.323
5710.000	8.000	-40.032	0.314
5720.000	8.000	-39.806	0.310
5730.000	8.000	-40.213	0.323
5740.000	8.000	-40.433	0.324
5750.000	8.000	-39.574	0.318
5760.000	8.000	-39.721	0.319
5770.000	8.000	-40.323	0.317
5780.000	8.000	-40.543	0.319
5790.000	8.000	-40.916	0.322
5800.000	8.000	-40.140	0.317
5810.000	8.000	-40.806	0.319
5820.000	8.000	-40.806	0.319
5830.000	8.000	-40.766	0.319
5840.000	8.000	-41.079	0.322
5850.000	8.000	-41.079	0.322
5860.000	8.000	-41.209	0.310
5870.000	8.000	-41.209	0.325
5880.000	8.000	-41.209	0.325
5890.000	8.000	-41.575	0.318
5900.000	8.000	-41.575	0.318
5910.000	8.000	-41.895	0.321
5920.000	8.000	-41.821	0.313
5930.000	8.000	-41.821	0.313
5940.000	8.000	-42.041	0.318
5950.000	8.000	-42.261	0.321
5960.000	8.000	-42.261	0.321
5970.000	8.000	-42.554	0.322
5980.000	8.000	-43.066	0.317
5990.000	8.000	-43.066	0.317
6000.000	8.000	-42.847	0.321
6010.000	8.000	-43.213	0.318
6020.000	8.000	-43.213	0.318
6030.000	8.000	-43.506	0.318
6040.000	8.000	-43.799	0.197
6050.000	8.000	-43.799	0.197
6060.000	8.000	-43.872	0.141
6070.000	8.000	-43.872	0.085
6080.000	8.000	-43.872	0.085
6090.000	8.000	-43.945	0.061
6100.000	8.000	-44.312	0.034
6110.000	8.000	-44.312	0.034
6120.000	8.000	-44.531	0.026
6130.000	8.000	-44.751	0.017
6140.000	8.000	-44.751	0.017
6150.000	8.000	-44.751	0.014
6160.000	8.000	-44.897	0.012
6170.000	8.000	-44.897	0.012
6180.000	8.000	-45.190	0.008
6190.000	8.000	-45.264	0.008
6200.000	8.000	-45.264	0.008
6210.000	8.000	-45.117	0.008
6220.000	8.000	-44.971	0.008
6230.000	8.000	-44.971	0.008
6240.000	8.000	-44.824	0.006
6250.000	8.000	-45.321	0.006
6260.000	8.000	-45.108	0.007
6270.000	8.000	-44.961	0.003
6280.000	8.000	-45.474	0.007
6290.000	8.000	-45.201	0.004
6300.000	8.000	-45.201	0.006
6310.000	8.000	-45.925	0.007
6320.000	8.000	-45.645	0.006
6330.000	8.000	-45.719	0.004
6340.000	8.000	-46.451	0.007
6350.000	8.000	-45.815	0.007
6360.000	8.000	-46.028	0.004
6370.000	8.000	-46.760	0.001
6380.000	8.000	-45.961	0.012
6390.000	8.000	-46.308	0.007
6400.000	8.000	-46.454	0.003
6410.000	8.000	-46.169	0.004
6420.000	8.000	-46.376	0.008
6430.000	8.000	-46.449	0.008
6440.000	8.000	-46.009	0.004
6450.000	8.000	-46.076	0.006
6460.000	8.000	-46.581	0.001
6470.000	8.000	-45.782	0.008
6480.000	8.000	-45.848	0.004
6490.000	8.000	-46.434	0.007
6500.000	8.000	-46.081	0.004
6510.000	8.000	-45.861	0.003
6520.000	8.000	-46.521	0.007
6530.000	8.000	-46.234	0.007
6540.000	8.000	-46.015	0.007
6550.000	8.000	-46.747	0.003
6560.000	8.000	-45.896	0.007
6570.000	8.000	-46.183	0.006
6580.000	8.000	-46.752	0.006
6590.000	8.000	-45.887	0.003
6600.000	8.000	-46.093	0.006
6610.000	8.000	-46.679	0.006
6620.000	8.000	-45.680	0.009
6630.000	8.000	-45.820	0.003
6640.000	8.000	-46.072	0.007
6650.000	8.000	-45.207	0.004
6660.000	8.000	-45.187	0.006
6670.000	8.000	-45.618	0.006
6680.000	8.000	-44.782	0.006
6690.000	8.000	-44.915	0.007
6700.000	8.000	-45.412	0.004
6710.000	8.000	-44.413	0.004
6720.000	8.000	-44.533	0.004
6730.000	8.000	-44.785	0.003
6740.000	8.000	-44.260	0.006
6750.000	8.000	-44.173	0.004
6760.000	8.000	-44.963	0.002
6770.000	8.000	-43.912	0.004
6780.000	8.000	-44.178	0.009
6790.000	8.000	-44.667	0.004
6800.000	8.000	-43.831	0.004
6810.000	8.000	-44.016	0.006
6820.000	8.000	-44.016	0.003
6830.000	8.000	-43.470	0.004
6840.000	8.000	-43.524	0.004
6850.000	8.000	-43.670	0.004
6860.000	8.000	-42.701	0.006
6870.000	8.000	-42.807	0.006
6880.000	8.000	-43.133	0.008
6890.000	8.000	-42.245	0.006
6900.000	8.000	-42.593	0.006
6910.000	8.000	-42.308	0.007
6920.000	8.000	-41.988	0.001
6930.000	8.000	-42.452	0.004
6940.000	8.000	-42.452	0.007
6950.000	8.000	-42.233	0.007
6960.000	8.000	-42.266	0.007
6970.000	8.000	-42.339	0.002
6980.000	8.000	-41.614	0.004
6990.000	8.000	-41.501	0.004
7000.000	8.000	-41.420	0.006
7010.000	8.000	-41.120	0.006
