%Time [ms]	Commanded Torque [mNm]	Angular Velocity [RPM]	Actual Current [Amp]	%9/23/20259:43 AM
0.000	0.000	0.000	0.000
3505520.000	5.000	-11.719	0.013
20.000	5.000	37.109	-0.009
30.000	5.000	13.672	0.021
40.000	5.000	13.672	0.021
50.000	5.000	13.672	0.021
60.000	5.000	19.531	0.014
70.000	5.000	19.531	0.014
80.000	5.000	19.531	0.014
90.000	5.000	15.625	0.006
100.000	5.000	15.625	0.006
110.000	5.000	15.625	0.006
120.000	5.000	21.484	-0.007
130.000	5.000	21.484	-0.007
140.000	5.000	21.484	-0.007
150.000	5.000	25.391	0.010
160.000	5.000	25.391	0.010
170.000	5.000	25.391	0.010
180.000	5.000	3.906	0.007
190.000	5.000	3.906	0.007
200.000	5.000	3.906	0.007
210.000	5.000	37.109	-0.005
220.000	5.000	37.109	-0.005
230.000	5.000	37.109	-0.005
240.000	5.000	9.766	0.004
250.000	5.000	9.766	0.004
260.000	5.000	9.766	0.004
270.000	5.000	19.531	0.009
280.000	5.000	19.531	0.009
290.000	5.000	19.531	0.009
300.000	5.000	23.437	-0.014
310.000	5.000	23.437	-0.014
320.000	5.000	23.437	-0.014
330.000	5.000	25.391	0.011
340.000	5.000	25.391	0.011
350.000	5.000	25.391	0.011
360.000	5.000	15.625	0.012
370.000	5.000	15.625	0.012
380.000	5.000	15.625	0.012
390.000	5.000	-19.531	-0.012
400.000	5.000	-19.531	-0.012
410.000	5.000	-19.531	-0.012
420.000	5.000	17.578	-0.011
430.000	5.000	17.578	-0.011
440.000	5.000	17.578	-0.011
450.000	5.000	1.953	-0.019
460.000	5.000	1.953	-0.019
470.000	5.000	1.953	-0.019
480.000	5.000	37.109	0.014
490.000	5.000	37.109	0.014
500.000	5.000	37.109	0.014
510.000	5.000	39.062	-0.005
520.000	5.000	39.062	-0.005
530.000	5.000	39.062	-0.005
540.000	5.000	7.812	0.012
550.000	5.000	7.812	0.012
560.000	5.000	7.812	0.012
570.000	5.000	1.953	-0.023
580.000	5.000	1.953	-0.023
590.000	5.000	1.953	-0.023
600.000	5.000	-1.953	0.020
610.000	5.000	-1.953	0.020
620.000	5.000	-1.953	0.020
630.000	5.000	27.344	-0.017
640.000	5.000	27.344	-0.017
650.000	5.000	27.344	-0.017
660.000	5.000	25.391	0.005
670.000	5.000	25.391	0.005
680.000	5.000	25.391	0.005
690.000	5.000	21.484	0.008
700.000	5.000	21.484	0.008
710.000	5.000	21.484	0.008
720.000	5.000	15.625	0.019
730.000	5.000	15.625	0.019
740.000	5.000	15.625	0.019
750.000	5.000	15.625	-0.009
760.000	5.000	15.625	-0.009
770.000	5.000	15.625	-0.009
780.000	5.000	-7.812	0.006
790.000	5.000	-7.812	0.006
800.000	5.000	-7.812	0.006
810.000	5.000	-5.859	0.019
820.000	5.000	-5.859	0.019
830.000	5.000	-5.859	0.019
840.000	5.000	42.969	0.015
850.000	5.000	42.969	0.015
860.000	5.000	42.969	0.015
870.000	5.000	21.484	0.002
880.000	5.000	21.484	0.002
890.000	5.000	21.484	0.002
900.000	5.000	17.578	0.013
910.000	5.000	17.578	0.013
920.000	5.000	17.578	0.013
930.000	5.000	13.672	0.006
940.000	5.000	13.672	0.006
950.000	5.000	13.672	0.006
960.000	5.000	-5.859	-0.018
970.000	5.000	-5.859	-0.018
980.000	5.000	-5.859	-0.018
990.000	5.000	-1.953	-0.016
1000.000	5.000	-1.953	-0.016
1010.000	5.000	-1.953	-0.016
1020.000	5.000	-21.484	0.004
1030.000	5.000	-21.484	0.004
1040.000	5.000	-21.484	0.004
1050.000	5.000	-9.766	0.001
1060.000	5.000	-9.766	0.001
1070.000	5.000	-9.766	0.001
1080.000	5.000	-19.531	0.074
1090.000	5.000	-19.531	0.074
1100.000	5.000	-19.531	0.074
1110.000	5.000	-1.953	0.136
1120.000	5.000	-1.953	0.136
1130.000	5.000	-1.953	0.136
1140.000	5.000	5.859	0.126
1150.000	5.000	5.859	0.126
1160.000	5.000	5.859	0.126
1170.000	5.000	-9.766	0.139
1180.000	5.000	-9.766	0.139
1190.000	5.000	-9.766	0.139
1200.000	5.000	76.172	0.169
1210.000	5.000	76.172	0.169
1220.000	5.000	76.172	0.169
1230.000	5.000	72.266	0.171
1240.000	5.000	72.266	0.171
1250.000	5.000	72.266	0.171
1260.000	5.000	41.016	0.130
1270.000	5.000	41.016	0.130
1280.000	5.000	41.016	0.130
1290.000	5.000	31.250	0.149
1300.000	5.000	31.250	0.149
1310.000	5.000	31.250	0.149
1320.000	5.000	50.781	0.129
1330.000	5.000	50.781	0.129
1340.000	5.000	50.781	0.129
1350.000	5.000	85.937	0.173
1360.000	5.000	85.937	0.173
1370.000	5.000	85.937	0.173
1380.000	5.000	103.516	0.176
1390.000	5.000	103.516	0.176
1400.000	5.000	103.516	0.176
1410.000	5.000	113.281	0.146
1420.000	5.000	113.281	0.146
1430.000	5.000	113.281	0.146
1440.000	5.000	91.797	0.159
1450.000	5.000	91.797	0.159
1460.000	5.000	91.797	0.159
1470.000	5.000	105.469	0.180
1480.000	5.000	105.469	0.180
1490.000	5.000	105.469	0.180
1500.000	5.000	121.094	0.155
1510.000	5.000	121.094	0.155
1520.000	5.000	121.094	0.155
1530.000	5.000	117.187	0.150
1540.000	5.000	117.187	0.150
1550.000	5.000	117.187	0.150
1560.000	5.000	150.391	0.167
1570.000	5.000	150.391	0.167
1580.000	5.000	150.391	0.167
1590.000	5.000	171.875	0.175
1600.000	5.000	171.875	0.175
1610.000	5.000	171.875	0.175
1620.000	5.000	171.875	0.159
1630.000	5.000	171.875	0.159
1640.000	5.000	171.875	0.159
1650.000	5.000	185.547	0.146
1660.000	5.000	185.547	0.146
1670.000	5.000	185.547	0.146
1680.000	5.000	167.969	0.153
1690.000	5.000	167.969	0.153
1700.000	5.000	167.969	0.153
1710.000	5.000	191.406	0.177
1720.000	5.000	191.406	0.177
1730.000	5.000	191.406	0.177
1740.000	5.000	171.875	0.144
1750.000	5.000	171.875	0.144
1760.000	5.000	171.875	0.144
1770.000	5.000	191.406	0.159
1780.000	5.000	191.406	0.159
1790.000	5.000	191.406	0.159
1800.000	5.000	185.547	0.152
1810.000	5.000	185.547	0.152
1820.000	5.000	185.547	0.152
1830.000	5.000	244.141	0.149
1840.000	5.000	244.141	0.149
1850.000	5.000	244.141	0.149
1860.000	5.000	212.891	0.144
1870.000	5.000	212.891	0.144
1880.000	5.000	212.891	0.144
1890.000	5.000	212.891	0.150
1900.000	5.000	212.891	0.150
1910.000	5.000	212.891	0.150
1920.000	5.000	246.094	0.149
1930.000	5.000	246.094	0.149
1940.000	5.000	246.094	0.149
1950.000	5.000	214.844	0.167
1960.000	5.000	214.844	0.167
1970.000	5.000	214.844	0.167
1980.000	5.000	197.266	0.153
1990.000	5.000	197.266	0.153
2000.000	5.000	197.266	0.153
2010.000	5.000	250.000	0.186
2020.000	5.000	250.000	0.186
2030.000	5.000	250.000	0.186
2040.000	5.000	224.609	0.152
2050.000	5.000	224.609	0.152
2060.000	5.000	224.609	0.152
2070.000	5.000	232.422	0.164
2080.000	5.000	232.422	0.164
2090.000	5.000	232.422	0.164
2100.000	5.000	271.484	0.172
2110.000	5.000	271.484	0.172
2120.000	5.000	271.484	0.172
2130.000	5.000	228.516	0.154
2140.000	5.000	228.516	0.154
2150.000	5.000	228.516	0.154
2160.000	5.000	265.625	0.154
2170.000	5.000	265.625	0.154
2180.000	5.000	265.625	0.154
2190.000	5.000	273.437	0.131
2200.000	5.000	273.437	0.131
2210.000	5.000	273.437	0.131
2220.000	5.000	289.062	0.142
2230.000	5.000	289.062	0.142
2240.000	5.000	289.062	0.142
2250.000	5.000	261.719	0.150
2260.000	5.000	261.719	0.150
2270.000	5.000	261.719	0.150
2280.000	5.000	328.125	0.162
2290.000	5.000	328.125	0.162
2300.000	5.000	328.125	0.162
2310.000	5.000	287.109	0.161
2320.000	5.000	287.109	0.161
2330.000	5.000	287.109	0.161
2340.000	5.000	312.500	0.161
2350.000	5.000	312.500	0.161
2360.000	5.000	312.500	0.161
2370.000	5.000	343.750	0.163
2380.000	5.000	343.750	0.163
2390.000	5.000	343.750	0.163
2400.000	5.000	318.359	0.168
2410.000	5.000	318.359	0.168
2420.000	5.000	318.359	0.168
2430.000	5.000	367.187	0.177
2440.000	5.000	367.187	0.177
2450.000	5.000	367.187	0.177
2460.000	5.000	302.734	0.152
2470.000	5.000	302.734	0.152
2480.000	5.000	302.734	0.152
2490.000	5.000	347.656	0.146
2500.000	5.000	347.656	0.146
2510.000	5.000	347.656	0.146
2520.000	5.000	316.406	0.153
2530.000	5.000	316.406	0.153
2540.000	5.000	316.406	0.153
2550.000	5.000	373.047	0.158
2560.000	5.000	373.047	0.158
2570.000	5.000	373.047	0.158
2580.000	5.000	402.344	0.175
2590.000	5.000	402.344	0.175
2600.000	5.000	402.344	0.175
2610.000	5.000	373.047	0.141
2620.000	5.000	373.047	0.141
2630.000	5.000	373.047	0.141
2640.000	5.000	404.297	0.165
2650.000	5.000	404.297	0.165
2660.000	5.000	404.297	0.165
2670.000	5.000	337.891	0.156
2680.000	5.000	337.891	0.156
2690.000	5.000	337.891	0.156
2700.000	5.000	386.719	0.157
2710.000	5.000	386.719	0.157
2720.000	5.000	386.719	0.157
2730.000	5.000	396.484	0.146
2740.000	5.000	396.484	0.146
2750.000	5.000	396.484	0.146
2760.000	5.000	414.062	0.168
2770.000	5.000	414.062	0.168
2780.000	5.000	414.062	0.168
2790.000	5.000	398.437	0.156
2800.000	5.000	398.437	0.156
2810.000	5.000	398.437	0.156
2820.000	5.000	410.156	0.151
2830.000	5.000	410.156	0.151
2840.000	5.000	410.156	0.151
2850.000	5.000	445.312	0.166
2860.000	5.000	445.312	0.166
2870.000	5.000	445.312	0.166
2880.000	5.000	455.078	0.160
2890.000	5.000	455.078	0.160
2900.000	5.000	455.078	0.160
2910.000	5.000	406.250	0.146
2920.000	5.000	406.250	0.146
2930.000	5.000	406.250	0.146
2940.000	5.000	468.750	0.178
2950.000	5.000	468.750	0.178
2960.000	5.000	468.750	0.178
2970.000	5.000	433.594	0.135
2980.000	5.000	433.594	0.135
2990.000	5.000	433.594	0.135
3000.000	5.000	433.594	0.136
3010.000	5.000	433.594	0.136
3020.000	5.000	433.594	0.136
3030.000	5.000	484.375	0.161
3040.000	5.000	484.375	0.161
3050.000	5.000	484.375	0.161
3060.000	5.000	494.141	0.177
3070.000	5.000	494.141	0.177
3080.000	5.000	494.141	0.177
3090.000	5.000	472.656	0.148
3100.000	5.000	472.656	0.148
3110.000	5.000	472.656	0.148
3120.000	5.000	462.891	0.140
3130.000	5.000	462.891	0.140
3140.000	5.000	462.891	0.140
3150.000	5.000	445.312	0.156
3160.000	5.000	445.312	0.156
3170.000	5.000	445.312	0.156
3180.000	5.000	505.859	0.149
3190.000	5.000	505.859	0.149
3200.000	5.000	505.859	0.149
3210.000	5.000	492.187	0.169
3220.000	5.000	492.187	0.169
3230.000	5.000	492.187	0.169
3240.000	5.000	478.516	0.154
3250.000	5.000	478.516	0.154
3260.000	5.000	478.516	0.154
3270.000	5.000	505.859	0.177
3280.000	5.000	505.859	0.177
3290.000	5.000	505.859	0.177
3300.000	5.000	546.875	0.156
3310.000	5.000	546.875	0.156
3320.000	5.000	546.875	0.156
3330.000	5.000	521.484	0.175
3340.000	5.000	521.484	0.175
3350.000	5.000	521.484	0.175
3360.000	5.000	548.828	0.148
3370.000	5.000	548.828	0.148
3380.000	5.000	548.828	0.148
3390.000	5.000	556.641	0.138
3400.000	5.000	556.641	0.138
3410.000	5.000	556.641	0.138
3420.000	5.000	527.344	0.151
3430.000	5.000	527.344	0.151
3440.000	5.000	527.344	0.151
3450.000	5.000	550.781	0.150
3460.000	5.000	550.781	0.150
3470.000	5.000	550.781	0.150
3480.000	5.000	564.453	0.176
3490.000	5.000	564.453	0.176
3500.000	5.000	564.453	0.176
3510.000	5.000	546.875	0.172
3520.000	5.000	546.875	0.172
3530.000	5.000	546.875	0.172
3540.000	5.000	548.828	0.181
3550.000	5.000	548.828	0.181
3560.000	5.000	548.828	0.181
3570.000	5.000	550.781	0.137
3580.000	5.000	550.781	0.137
3590.000	5.000	550.781	0.137
3600.000	5.000	560.547	0.168
3610.000	5.000	560.547	0.168
3620.000	5.000	560.547	0.168
3630.000	5.000	554.687	0.169
3640.000	5.000	554.687	0.169
3650.000	5.000	554.687	0.169
3660.000	5.000	574.219	0.131
3670.000	5.000	574.219	0.131
3680.000	5.000	574.219	0.131
3690.000	5.000	593.750	0.150
3700.000	5.000	593.750	0.150
3710.000	5.000	593.750	0.150
3720.000	5.000	574.219	0.163
3730.000	5.000	574.219	0.163
3740.000	5.000	574.219	0.163
3750.000	5.000	617.187	0.139
3760.000	5.000	617.187	0.139
3770.000	5.000	617.187	0.139
3780.000	5.000	628.906	0.171
3790.000	5.000	628.906	0.171
3800.000	5.000	628.906	0.171
3810.000	5.000	615.234	0.163
3820.000	5.000	615.234	0.163
3830.000	5.000	615.234	0.163
3840.000	5.000	623.047	0.176
3850.000	5.000	623.047	0.176
3860.000	5.000	623.047	0.176
3870.000	5.000	613.281	0.165
3880.000	5.000	613.281	0.165
3890.000	5.000	613.281	0.165
3900.000	5.000	652.344	0.142
3910.000	5.000	652.344	0.142
3920.000	5.000	652.344	0.142
3930.000	5.000	648.437	0.162
3940.000	5.000	648.437	0.162
3950.000	5.000	648.437	0.162
3960.000	5.000	652.344	0.134
3970.000	5.000	652.344	0.134
3980.000	5.000	652.344	0.134
3990.000	5.000	656.250	0.154
4000.000	5.000	656.250	0.154
4010.000	5.000	656.250	0.154
4020.000	5.000	650.391	0.150
4030.000	5.000	650.391	0.150
4040.000	5.000	650.391	0.150
4050.000	5.000	632.812	0.151
4060.000	5.000	632.812	0.151
4070.000	5.000	632.812	0.151
4080.000	5.000	675.781	0.167
4090.000	5.000	675.781	0.167
4100.000	5.000	675.781	0.167
4110.000	5.000	646.484	0.149
4120.000	5.000	646.484	0.149
4130.000	5.000	646.484	0.149
4140.000	5.000	666.016	0.180
4150.000	5.000	666.016	0.180
4160.000	5.000	666.016	0.180
4170.000	5.000	691.406	0.153
4180.000	5.000	691.406	0.153
4190.000	5.000	691.406	0.153
4200.000	5.000	664.062	0.146
4210.000	5.000	664.062	0.146
4220.000	5.000	664.062	0.146
4230.000	5.000	677.734	0.171
4240.000	5.000	677.734	0.171
4250.000	5.000	677.734	0.171
4260.000	5.000	703.125	0.153
4270.000	5.000	703.125	0.153
4280.000	5.000	703.125	0.153
4290.000	5.000	708.984	0.156
4300.000	5.000	708.984	0.156
4310.000	5.000	708.984	0.156
4320.000	5.000	716.797	0.143
4330.000	5.000	716.797	0.143
4340.000	5.000	716.797	0.143
4350.000	5.000	660.156	0.153
4360.000	5.000	660.156	0.153
4370.000	5.000	660.156	0.153
4380.000	5.000	720.703	0.152
4390.000	5.000	720.703	0.152
4400.000	5.000	720.703	0.152
4410.000	5.000	693.359	0.151
4420.000	5.000	693.359	0.151
4430.000	5.000	693.359	0.151
4440.000	5.000	734.375	0.150
4450.000	5.000	734.375	0.150
4460.000	5.000	734.375	0.150
4470.000	5.000	708.984	0.147
4480.000	5.000	708.984	0.147
4490.000	5.000	708.984	0.147
4500.000	5.000	712.891	0.152
4510.000	5.000	712.891	0.152
4520.000	5.000	712.891	0.152
4530.000	5.000	769.531	0.161
4540.000	5.000	769.531	0.161
4550.000	5.000	769.531	0.161
4560.000	5.000	705.078	0.166
4570.000	5.000	705.078	0.166
4580.000	5.000	705.078	0.166
4590.000	5.000	740.234	0.153
4600.000	5.000	740.234	0.153
4610.000	5.000	740.234	0.153
4620.000	5.000	748.047	0.145
4630.000	5.000	748.047	0.145
4640.000	5.000	748.047	0.145
4650.000	5.000	748.047	0.137
4660.000	5.000	748.047	0.137
4670.000	5.000	748.047	0.137
4680.000	5.000	775.391	0.137
4690.000	5.000	775.391	0.137
4700.000	5.000	775.391	0.137
4710.000	5.000	738.281	0.165
4720.000	5.000	738.281	0.165
4730.000	5.000	738.281	0.165
4740.000	5.000	730.469	0.162
4750.000	5.000	730.469	0.162
4760.000	5.000	730.469	0.162
4770.000	5.000	765.625	0.171
4780.000	5.000	765.625	0.171
4790.000	5.000	765.625	0.171
4800.000	5.000	794.922	0.163
4810.000	5.000	794.922	0.163
4820.000	5.000	794.922	0.163
4830.000	5.000	791.016	0.181
4840.000	5.000	791.016	0.181
4850.000	5.000	791.016	0.181
4860.000	5.000	818.359	0.143
4870.000	5.000	818.359	0.143
4880.000	5.000	818.359	0.143
4890.000	5.000	791.016	0.144
4900.000	5.000	791.016	0.144
4910.000	5.000	791.016	0.144
4920.000	5.000	826.172	0.150
4930.000	5.000	826.172	0.150
4940.000	5.000	826.172	0.150
4950.000	5.000	812.500	0.152
4960.000	5.000	812.500	0.152
4970.000	5.000	812.500	0.152
4980.000	5.000	812.500	0.159
4990.000	5.000	812.500	0.159
5000.000	5.000	812.500	0.159
5010.000	5.000	781.250	0.159
5020.000	5.000	781.250	0.159
5030.000	5.000	781.250	0.159
5040.000	5.000	814.453	0.178
5050.000	5.000	814.453	0.178
5060.000	5.000	814.453	0.178
5070.000	5.000	851.562	0.161
5080.000	5.000	851.562	0.161
5090.000	5.000	851.562	0.161
5100.000	5.000	816.406	0.166
5110.000	5.000	816.406	0.166
5120.000	5.000	816.406	0.166
5130.000	5.000	869.141	0.166
5140.000	5.000	869.141	0.166
5150.000	5.000	869.141	0.166
5160.000	5.000	832.031	0.180
5170.000	5.000	832.031	0.180
5180.000	5.000	832.031	0.180
5190.000	5.000	837.891	0.130
5200.000	5.000	837.891	0.130
5210.000	5.000	837.891	0.130
5220.000	5.000	859.375	0.146
5230.000	5.000	859.375	0.146
5240.000	5.000	859.375	0.146
5250.000	5.000	878.906	0.161
5260.000	5.000	878.906	0.161
5270.000	5.000	878.906	0.161
5280.000	5.000	865.234	0.132
5290.000	5.000	865.234	0.132
5300.000	5.000	865.234	0.132
5310.000	5.000	873.047	0.153
5320.000	5.000	873.047	0.153
5330.000	5.000	873.047	0.153
5340.000	5.000	861.328	0.138
5350.000	5.000	861.328	0.138
5360.000	5.000	861.328	0.138
5370.000	5.000	845.703	0.177
5380.000	5.000	845.703	0.177
5390.000	5.000	845.703	0.177
5400.000	5.000	867.187	0.169
5410.000	5.000	867.187	0.169
5420.000	5.000	867.187	0.169
5430.000	5.000	886.719	0.161
5440.000	5.000	886.719	0.161
5450.000	5.000	886.719	0.161
5460.000	5.000	902.344	0.161
5470.000	5.000	902.344	0.161
5480.000	5.000	902.344	0.161
5490.000	5.000	878.906	0.167
5500.000	5.000	878.906	0.167
5510.000	5.000	878.906	0.167
5520.000	5.000	900.391	0.172
5530.000	5.000	900.391	0.172
5540.000	5.000	900.391	0.172
5550.000	5.000	876.953	0.158
5560.000	5.000	876.953	0.158
5570.000	5.000	876.953	0.158
5580.000	5.000	921.875	0.153
5590.000	5.000	921.875	0.153
5600.000	5.000	921.875	0.153
5610.000	5.000	898.437	0.154
5620.000	5.000	898.437	0.154
5630.000	5.000	898.437	0.154
5640.000	5.000	898.437	0.153
5650.000	5.000	898.437	0.153
5660.000	5.000	898.437	0.153
5670.000	5.000	902.344	0.173
5680.000	5.000	902.344	0.173
5690.000	5.000	902.344	0.173
5700.000	5.000	904.297	0.146
5710.000	5.000	904.297	0.146
5720.000	5.000	904.297	0.146
5730.000	5.000	904.297	0.164
5740.000	5.000	904.297	0.164
5750.000	5.000	904.297	0.164
5760.000	5.000	964.844	0.158
5770.000	5.000	964.844	0.158
5780.000	5.000	964.844	0.158
5790.000	5.000	929.687	0.142
5800.000	5.000	929.687	0.142
5810.000	5.000	929.687	0.142
5820.000	5.000	968.750	0.150
5830.000	5.000	968.750	0.150
5840.000	5.000	968.750	0.150
5850.000	5.000	968.750	0.143
5860.000	5.000	968.750	0.143
5870.000	5.000	968.750	0.143
5880.000	5.000	955.078	0.172
5890.000	5.000	955.078	0.172
5900.000	5.000	955.078	0.172
5910.000	5.000	978.516	0.144
5920.000	5.000	978.516	0.144
5930.000	5.000	978.516	0.144
5940.000	5.000	970.703	0.166
5950.000	5.000	970.703	0.166
5960.000	5.000	970.703	0.166
5970.000	5.000	1000.000	0.162
5980.000	5.000	1000.000	0.162
5990.000	5.000	1000.000	0.162
6000.000	5.000	953.125	0.167
6010.000	5.000	953.125	0.167
6020.000	5.000	953.125	0.167
6030.000	5.000	957.031	0.170
6040.000	5.000	957.031	0.170
6050.000	5.000	957.031	0.170
6060.000	5.000	976.562	0.147
6070.000	5.000	976.562	0.147
6080.000	5.000	976.562	0.147
6090.000	5.000	970.703	0.159
6100.000	5.000	970.703	0.159
6110.000	5.000	970.703	0.159
6120.000	5.000	1003.906	0.113
6130.000	5.000	1003.906	0.113
6140.000	5.000	1003.906	0.113
6150.000	5.000	972.656	0.021
6160.000	5.000	972.656	0.021
6170.000	5.000	972.656	0.021
6180.000	5.000	962.891	0.036
6190.000	5.000	962.891	0.036
6200.000	5.000	962.891	0.036
6210.000	5.000	972.656	-0.006
6220.000	5.000	972.656	-0.006
6230.000	5.000	972.656	-0.006
6240.000	5.000	935.547	0.012
6250.000	5.000	935.547	0.012
6260.000	5.000	935.547	0.012
6270.000	5.000	941.406	-0.016
6280.000	5.000	941.406	-0.016
6290.000	5.000	941.406	-0.016
6300.000	5.000	939.453	0.009
6310.000	5.000	939.453	0.009
6320.000	5.000	939.453	0.009
6330.000	5.000	958.984	0.007
6340.000	5.000	958.984	0.007
6350.000	5.000	958.984	0.007
6360.000	5.000	908.203	-0.007
6370.000	5.000	908.203	-0.007
6380.000	5.000	908.203	-0.007
6390.000	5.000	886.719	-0.007
6400.000	5.000	886.719	-0.007
6410.000	5.000	886.719	-0.007
6420.000	5.000	923.828	0.002
6430.000	5.000	923.828	0.002
6440.000	5.000	923.828	0.002
6450.000	5.000	912.109	0.004
6460.000	5.000	912.109	0.004
6470.000	5.000	912.109	0.004
6480.000	5.000	861.328	-0.023
6490.000	5.000	861.328	-0.023
6500.000	5.000	861.328	-0.023
6510.000	5.000	859.375	-0.007
6520.000	5.000	859.375	-0.007
6530.000	5.000	859.375	-0.007
6540.000	5.000	865.234	0.019
6550.000	5.000	865.234	0.019
6560.000	5.000	865.234	0.019
6570.000	5.000	857.422	-0.004
6580.000	5.000	857.422	-0.004
6590.000	5.000	857.422	-0.004
6600.000	5.000	802.734	0.001
6610.000	5.000	802.734	0.001
6620.000	5.000	802.734	0.001
6630.000	5.000	833.984	0.002
6640.000	5.000	833.984	0.002
6650.000	5.000	833.984	0.002
6660.000	5.000	820.312	-0.015
6670.000	5.000	820.312	-0.015
6680.000	5.000	820.312	-0.015
6690.000	5.000	824.219	-0.012
6700.000	5.000	824.219	-0.012
6710.000	5.000	824.219	-0.012
6720.000	5.000	771.484	0.008
6730.000	5.000	771.484	0.008
6740.000	5.000	771.484	0.008
6750.000	5.000	810.547	0.007
6760.000	5.000	810.547	0.007
6770.000	5.000	810.547	0.007
6780.000	5.000	783.203	0.009
6790.000	5.000	783.203	0.009
6800.000	5.000	783.203	0.009
6810.000	5.000	787.109	-0.027
6820.000	5.000	787.109	-0.027
6830.000	5.000	787.109	-0.027
6840.000	5.000	761.719	-0.002
6850.000	5.000	761.719	-0.002
6860.000	5.000	761.719	-0.002
6870.000	5.000	759.766	-0.006
6880.000	5.000	759.766	-0.006
6890.000	5.000	759.766	-0.006
6900.000	5.000	714.844	-0.006
6910.000	5.000	714.844	-0.006
6920.000	5.000	714.844	-0.006
6930.000	5.000	738.281	0.004
6940.000	5.000	738.281	0.004
6950.000	5.000	738.281	0.004
6960.000	5.000	748.047	-0.012
6970.000	5.000	748.047	-0.012
6980.000	5.000	748.047	-0.012
6990.000	5.000	705.078	-0.004
7000.000	5.000	705.078	-0.004
7010.000	5.000	705.078	-0.004
