%Time [ms]	Commanded Torque [mNm]	Angular Velocity [RPM]	Actual Current [Amp]	%9/23/20259:53 AM
0.000	0.000	0.000	0.000
4134120.000	4.000	0.000	0.006
20.000	4.000	0.000	0.007
30.000	4.000	0.000	0.008
40.000	4.000	0.000	0.009
50.000	4.000	0.000	0.009
60.000	4.000	0.000	0.009
70.000	4.000	0.000	0.009
80.000	4.000	0.000	0.008
90.000	4.000	0.000	0.007
100.000	4.000	0.000	0.008
110.000	4.000	0.000	0.008
120.000	4.000	0.000	0.007
130.000	4.000	0.000	0.006
140.000	4.000	0.000	0.006
150.000	4.000	0.000	0.008
160.000	4.000	0.000	0.006
170.000	4.000	0.000	0.006
180.000	4.000	0.000	0.006
190.000	4.000	0.000	0.009
200.000	4.000	0.000	0.009
210.000	4.000	0.000	0.008
220.000	4.000	0.000	0.008
230.000	4.000	0.000	0.008
240.000	4.000	0.000	0.007
250.000	4.000	0.000	0.010
260.000	4.000	0.000	0.008
270.000	4.000	0.000	0.008
280.000	4.000	0.000	0.008
290.000	4.000	0.000	0.010
300.000	4.000	0.000	0.012
310.000	4.000	0.000	0.009
320.000	4.000	0.000	0.007
330.000	4.000	0.000	0.008
340.000	4.000	0.000	0.007
350.000	4.000	0.000	0.018
360.000	4.000	0.000	0.008
370.000	4.000	0.000	0.007
380.000	4.000	0.000	0.009
390.000	4.000	0.000	0.006
400.000	4.000	0.000	0.003
410.000	4.000	0.000	0.006
420.000	4.000	0.000	0.003
430.000	4.000	0.000	0.006
440.000	4.000	0.000	0.006
450.000	4.000	0.000	0.007
460.000	4.000	0.000	0.006
470.000	4.000	0.000	0.004
480.000	4.000	0.000	0.004
490.000	4.000	0.000	0.002
500.000	4.000	0.000	0.004
510.000	4.000	0.000	0.004
520.000	4.000	0.000	0.003
530.000	4.000	0.000	0.006
540.000	4.000	0.000	0.006
550.000	4.000	0.000	0.007
560.000	4.000	0.000	0.006
570.000	4.000	0.000	0.004
580.000	4.000	0.000	0.006
590.000	4.000	0.000	0.002
600.000	4.000	0.000	0.004
610.000	4.000	0.000	0.004
620.000	4.000	0.000	0.006
630.000	4.000	0.000	0.006
640.000	4.000	0.000	0.006
650.000	4.000	0.000	0.004
660.000	4.000	0.000	0.004
670.000	4.000	0.000	0.006
680.000	4.000	0.000	0.007
690.000	4.000	0.000	0.006
700.000	4.000	0.000	0.003
710.000	4.000	0.000	0.007
720.000	4.000	0.000	0.006
730.000	4.000	0.000	0.006
740.000	4.000	0.000	0.006
750.000	4.000	0.000	0.003
760.000	4.000	0.000	0.006
770.000	4.000	0.000	0.004
780.000	4.000	0.000	0.006
790.000	4.000	0.000	0.004
800.000	4.000	0.000	0.009
810.000	4.000	0.000	0.006
820.000	4.000	0.000	0.006
830.000	4.000	0.000	0.004
840.000	4.000	0.000	0.006
850.000	4.000	0.000	0.006
860.000	4.000	0.000	0.006
870.000	4.000	0.000	0.004
880.000	4.000	0.000	0.007
890.000	4.000	0.000	0.007
900.000	4.000	0.000	0.003
910.000	4.000	0.000	0.006
920.000	4.000	0.000	0.006
930.000	4.000	0.000	0.004
940.000	4.000	0.000	0.006
950.000	4.000	0.000	0.006
960.000	4.000	0.000	0.006
970.000	4.000	0.000	0.003
980.000	4.000	0.000	0.003
990.000	4.000	0.000	0.004
1000.000	4.000	0.000	0.003
1010.000	4.000	0.000	0.004
1020.000	4.000	0.000	0.007
1030.000	4.000	0.000	0.006
1040.000	4.000	0.000	0.010
1050.000	4.000	-0.073	0.050
1060.000	4.000	-0.073	0.079
1070.000	4.000	-0.073	0.106
1080.000	4.000	-0.073	0.118
1090.000	4.000	-0.155	0.133
1100.000	4.000	-0.155	0.139
1110.000	4.000	-0.228	0.145
1120.000	4.000	-0.301	0.151
1130.000	4.000	-0.368	0.155
1140.000	4.000	-0.441	0.159
1150.000	4.000	-0.449	0.157
1160.000	4.000	-0.596	0.161
1170.000	4.000	-0.669	0.158
1180.000	4.000	-0.815	0.159
1190.000	4.000	-0.867	0.162
1200.000	4.000	-1.014	0.166
1210.000	4.000	-1.022	0.163
1220.000	4.000	-1.095	0.162
1230.000	4.000	-1.102	0.162
1240.000	4.000	-1.175	0.163
1250.000	4.000	-1.160	0.164
1260.000	4.000	-1.087	0.163
1270.000	4.000	-1.176	0.163
1280.000	4.000	-1.096	0.164
1290.000	4.000	-1.053	0.164
1300.000	4.000	-1.118	0.162
1310.000	4.000	-1.118	0.162
1320.000	4.000	-1.118	0.162
1330.000	4.000	-1.264	0.163
1340.000	4.000	-1.264	0.163
1350.000	4.000	-1.417	0.161
1360.000	4.000	-1.694	0.163
1370.000	4.000	-1.694	0.163
1380.000	4.000	-1.831	0.163
1390.000	4.000	-1.831	0.163
1400.000	4.000	-1.958	0.162
1410.000	4.000	-2.031	0.163
1420.000	4.000	-2.047	0.163
1430.000	4.000	-2.167	0.162
1440.000	4.000	-2.240	0.169
1450.000	4.000	-2.427	0.167
1460.000	4.000	-2.541	0.163
1470.000	4.000	-2.541	0.163
1480.000	4.000	-2.565	0.162
1490.000	4.000	-2.618	0.163
1500.000	4.000	-2.638	0.162
1510.000	4.000	-2.663	0.162
1520.000	4.000	-2.700	0.162
1530.000	4.000	-2.799	0.164
1540.000	4.000	-2.913	0.162
1550.000	4.000	-2.839	0.161
1560.000	4.000	-2.873	0.163
1570.000	4.000	-2.905	0.162
1580.000	4.000	-2.927	0.164
1590.000	4.000	-3.094	0.162
1600.000	4.000	-3.362	0.152
1610.000	4.000	-3.584	0.164
1620.000	4.000	-3.678	0.164
1630.000	4.000	-3.637	0.162
1640.000	4.000	-3.430	0.162
1650.000	4.000	-3.390	0.161
1660.000	4.000	-3.349	0.163
1670.000	4.000	-3.423	0.163
1680.000	4.000	-3.596	0.167
1690.000	4.000	-3.637	0.161
1700.000	4.000	-3.415	0.161
1710.000	4.000	-3.242	0.164
1720.000	4.000	-3.356	0.163
1730.000	4.000	-3.496	0.163
1740.000	4.000	-3.809	0.163
1750.000	4.000	-3.923	0.162
1760.000	4.000	-3.864	0.164
1770.000	4.000	-3.790	0.161
1780.000	4.000	-3.617	0.163
1790.000	4.000	-3.650	0.164
1800.000	4.000	-3.953	0.161
1810.000	4.000	-4.099	0.162
1820.000	4.000	-4.025	0.162
1830.000	4.000	-3.925	0.162
1840.000	4.000	-3.901	0.161
1850.000	4.000	-4.093	0.159
1860.000	4.000	-4.315	0.163
1870.000	4.000	-4.356	0.162
1880.000	4.000	-4.423	0.162
1890.000	4.000	-4.309	0.162
1900.000	4.000	-4.252	0.164
1910.000	4.000	-4.252	0.164
1920.000	4.000	-4.432	0.162
1930.000	4.000	-4.309	0.162
1940.000	4.000	-4.309	0.162
1950.000	4.000	-4.223	0.167
1960.000	4.000	-4.467	0.163
1970.000	4.000	-4.467	0.163
1980.000	4.000	-4.427	0.167
1990.000	4.000	-4.468	0.164
2000.000	4.000	-4.468	0.163
2010.000	4.000	-4.468	0.163
2020.000	4.000	-4.501	0.162
2030.000	4.000	-4.501	0.162
2040.000	4.000	-4.623	0.161
2050.000	4.000	-4.550	0.162
2060.000	4.000	-4.630	0.162
2070.000	4.000	-4.670	0.161
2080.000	4.000	-4.597	0.164
2090.000	4.000	-4.597	0.179
2100.000	4.000	-4.597	0.179
2110.000	4.000	-4.597	0.163
2120.000	4.000	-4.597	0.163
2130.000	4.000	-4.637	0.162
2140.000	4.000	-4.588	0.166
2150.000	4.000	-4.588	0.166
2160.000	4.000	-4.582	0.163
2170.000	4.000	-4.614	0.162
2180.000	4.000	-4.614	0.162
2190.000	4.000	-4.654	0.161
2200.000	4.000	-4.622	0.166
2210.000	4.000	-4.648	0.164
2220.000	4.000	-4.648	0.164
2230.000	4.000	-4.778	0.163
2240.000	4.000	-4.672	0.159
2250.000	4.000	-4.745	0.161
2260.000	4.000	-4.737	0.162
2270.000	4.000	-4.757	0.162
2280.000	4.000	-4.757	0.162
2290.000	4.000	-4.750	0.163
2300.000	4.000	-4.676	0.162
2310.000	4.000	-4.722	0.161
2320.000	4.000	-4.787	0.162
2330.000	4.000	-4.617	0.163
2340.000	4.000	-4.651	0.162
2350.000	4.000	-4.626	0.162
2360.000	4.000	-4.508	0.163
2370.000	4.000	-4.561	0.161
2380.000	4.000	-4.683	0.163
2390.000	4.000	-4.690	0.162
2400.000	4.000	-4.724	0.166
2410.000	4.000	-4.781	0.164
2420.000	4.000	-4.729	0.164
2430.000	4.000	-4.769	0.163
2440.000	4.000	-4.891	0.163
2450.000	4.000	-4.869	0.163
2460.000	4.000	-5.069	0.167
2470.000	4.000	-4.971	0.161
2480.000	4.000	-4.882	0.162
2490.000	4.000	-4.915	0.162
2500.000	4.000	-5.037	0.163
2510.000	4.000	-5.000	0.163
2520.000	4.000	-4.971	0.163
2530.000	4.000	-4.922	0.161
2540.000	4.000	-4.922	0.161
2550.000	4.000	-5.042	0.164
2560.000	4.000	-4.920	0.162
2570.000	4.000	-4.887	0.162
2580.000	4.000	-4.887	0.162
2590.000	4.000	-5.057	0.167
2600.000	4.000	-5.057	0.167
2610.000	4.000	-5.111	0.163
2620.000	4.000	-5.054	0.164
2630.000	4.000	-5.054	0.164
2640.000	4.000	-5.200	0.164
2650.000	4.000	-5.273	0.162
2660.000	4.000	-5.127	0.162
2670.000	4.000	-5.054	0.163
2680.000	4.000	-5.054	0.166
2690.000	4.000	-5.154	0.170
2700.000	4.000	-5.080	0.163
2710.000	4.000	-5.064	0.164
2720.000	4.000	-5.064	0.163
2730.000	4.000	-4.991	0.163
2740.000	4.000	-5.137	0.163
2750.000	4.000	-4.944	0.162
2760.000	4.000	-4.798	0.162
2770.000	4.000	-4.838	0.162
2780.000	4.000	-4.912	0.163
2790.000	4.000	-5.105	0.164
2800.000	4.000	-5.032	0.162
2810.000	4.000	-4.861	0.162
2820.000	4.000	-4.910	0.163
2830.000	4.000	-4.910	0.156
2840.000	4.000	-4.910	0.156
2850.000	4.000	-4.884	0.157
2860.000	4.000	-4.843	0.163
2870.000	4.000	-4.843	0.163
2880.000	4.000	-4.916	0.163
2890.000	4.000	-4.770	0.164
2900.000	4.000	-4.770	0.164
2910.000	4.000	-4.810	0.162
2920.000	4.000	-4.687	0.164
2930.000	4.000	-4.687	0.164
2940.000	4.000	-4.761	0.161
2950.000	4.000	-4.687	0.162
2960.000	4.000	-4.687	0.162
2970.000	4.000	-4.687	0.163
2980.000	4.000	-4.687	0.162
2990.000	4.000	-4.687	0.162
3000.000	4.000	-4.687	0.161
3010.000	4.000	-4.687	0.162
3020.000	4.000	-4.687	0.162
3030.000	4.000	-4.687	0.163
3040.000	4.000	-4.687	0.162
3050.000	4.000	-4.687	0.162
3060.000	4.000	-4.614	0.162
3070.000	4.000	-4.614	0.162
3080.000	4.000	-4.434	0.162
3090.000	4.000	-4.434	0.167
3100.000	4.000	-4.483	0.163
3110.000	4.000	-4.483	0.161
3120.000	4.000	-4.483	0.163
3130.000	4.000	-4.337	0.162
3140.000	4.000	-4.284	0.162
3150.000	4.000	-4.284	0.163
3160.000	4.000	-4.430	0.163
3170.000	4.000	-4.357	0.162
3180.000	4.000	-4.431	0.162
3190.000	4.000	-4.211	0.161
3200.000	4.000	-4.322	0.162
3210.000	4.000	-4.322	0.162
3220.000	4.000	-4.363	0.162
3230.000	4.000	-4.289	0.162
3240.000	4.000	-4.196	0.167
3250.000	4.000	-4.343	0.164
3260.000	4.000	-4.343	0.164
3270.000	4.000	-4.416	0.164
3280.000	4.000	-4.229	0.159
3290.000	4.000	-4.229	0.159
3300.000	4.000	-3.923	0.159
3310.000	4.000	-4.028	0.162
3320.000	4.000	-4.028	0.162
3330.000	4.000	-3.955	0.166
3340.000	4.000	-3.589	0.163
3350.000	4.000	-3.589	0.163
3360.000	4.000	-3.516	0.162
3370.000	4.000	-3.809	0.162
3380.000	4.000	-3.809	0.162
3390.000	4.000	-3.809	0.159
3400.000	4.000	-3.662	0.163
3410.000	4.000	-3.662	0.163
3420.000	4.000	-3.369	0.163
3430.000	4.000	-3.369	0.163
3440.000	4.000	-3.369	0.163
3450.000	4.000	-3.516	0.164
3460.000	4.000	-3.442	0.163
3470.000	4.000	-3.442	0.163
3480.000	4.000	-3.223	0.162
3490.000	4.000	-3.223	0.173
3500.000	4.000	-3.223	0.167
3510.000	4.000	-3.369	0.162
3520.000	4.000	-3.589	0.161
3530.000	4.000	-3.562	0.162
3540.000	4.000	-3.489	0.157
3550.000	4.000	-3.294	0.164
3560.000	4.000	-3.127	0.162
3570.000	4.000	-3.054	0.163
3580.000	4.000	-3.087	0.161
3590.000	4.000	-3.126	0.167
3600.000	4.000	-3.200	0.162
3610.000	4.000	-3.086	0.161
3620.000	4.000	-2.913	0.162
3630.000	4.000	-2.866	0.162
3640.000	4.000	-2.817	0.161
3650.000	4.000	-2.839	0.163
3660.000	4.000	-2.933	0.163
3670.000	4.000	-3.128	0.163
3680.000	4.000	-3.135	0.164
3690.000	4.000	-3.022	0.158
3700.000	4.000	-2.900	0.166
3710.000	4.000	-2.774	0.162
3720.000	4.000	-2.654	0.163
3730.000	4.000	-2.679	0.162
3740.000	4.000	-2.634	0.162
3750.000	4.000	-2.588	0.159
3760.000	4.000	-2.620	0.163
3770.000	4.000	-2.465	0.162
3780.000	4.000	-2.352	0.164
3790.000	4.000	-2.352	0.161
3800.000	4.000	-2.401	0.162
3810.000	4.000	-2.347	0.162
3820.000	4.000	-2.445	0.162
3830.000	4.000	-2.401	0.162
3840.000	4.000	-2.364	0.167
3850.000	4.000	-2.437	0.161
3860.000	4.000	-2.378	0.163
3870.000	4.000	-2.338	0.164
3880.000	4.000	-2.362	0.167
3890.000	4.000	-2.342	0.162
3900.000	4.000	-2.212	0.159
3910.000	4.000	-2.285	0.162
3920.000	4.000	-2.108	0.162
3930.000	4.000	-2.071	0.162
3940.000	4.000	-2.054	0.162
3950.000	4.000	-1.961	0.163
3960.000	4.000	-1.841	0.162
3970.000	4.000	-1.711	0.163
3980.000	4.000	-1.687	0.162
3990.000	4.000	-1.780	0.164
4000.000	4.000	-1.837	0.162
4010.000	4.000	-1.764	0.164
4020.000	4.000	-1.917	0.162
4030.000	4.000	-1.901	0.161
4040.000	4.000	-1.887	0.162
4050.000	4.000	-1.834	0.162
4060.000	4.000	-1.850	0.162
4070.000	4.000	-1.834	0.163
4080.000	4.000	-1.761	0.159
4090.000	4.000	-1.614	0.164
4100.000	4.000	-1.594	0.162
4110.000	4.000	-1.594	0.162
4120.000	4.000	-1.619	0.164
4130.000	4.000	-1.672	0.162
4140.000	4.000	-1.702	0.167
4150.000	4.000	-1.702	0.167
4160.000	4.000	-1.672	0.163
4170.000	4.000	-1.672	0.163
4180.000	4.000	-1.607	0.164
4190.000	4.000	-1.534	0.167
4200.000	4.000	-1.407	0.164
4210.000	4.000	-1.334	0.162
4220.000	4.000	-1.156	0.162
4230.000	4.000	-1.119	0.162
4240.000	4.000	-0.957	0.162
4250.000	4.000	-0.877	0.164
4260.000	4.000	-0.825	0.162
4270.000	4.000	-0.752	0.162
4280.000	4.000	-0.737	0.163
4290.000	4.000	-0.737	0.161
4300.000	4.000	-0.664	0.161
4310.000	4.000	-0.664	0.162
4320.000	4.000	-0.670	0.163
4330.000	4.000	-0.508	0.164
4340.000	4.000	-0.574	0.159
4350.000	4.000	-0.508	0.163
4360.000	4.000	-0.499	0.164
4370.000	4.000	-0.426	0.163
4380.000	4.000	-0.360	0.161
4390.000	4.000	-0.286	0.164
4400.000	4.000	-0.353	0.162
4410.000	4.000	-0.280	0.163
4420.000	4.000	-0.206	0.162
4430.000	4.000	-0.206	0.159
4440.000	4.000	-0.140	0.162
4450.000	4.000	0.007	0.163
4460.000	4.000	0.007	0.163
4470.000	4.000	0.007	0.162
4480.000	4.000	0.080	0.167
4490.000	4.000	0.080	0.167
4500.000	4.000	0.146	0.161
4510.000	4.000	0.293	0.161
4520.000	4.000	0.293	0.161
4530.000	4.000	0.293	0.164
4540.000	4.000	0.439	0.162
4550.000	4.000	0.439	0.162
4560.000	4.000	0.366	0.162
4570.000	4.000	0.513	0.161
4580.000	4.000	0.513	0.161
4590.000	4.000	0.513	0.162
4600.000	4.000	0.513	0.163
4610.000	4.000	0.513	0.163
4620.000	4.000	0.513	0.164
4630.000	4.000	0.586	0.166
4640.000	4.000	0.586	0.166
4650.000	4.000	0.586	0.161
4660.000	4.000	0.659	0.163
4670.000	4.000	0.659	0.163
4680.000	4.000	0.659	0.166
4690.000	4.000	0.806	0.163
4700.000	4.000	0.806	0.163
4710.000	4.000	0.879	0.163
4720.000	4.000	1.025	0.164
4730.000	4.000	1.025	0.164
4740.000	4.000	1.099	0.164
4750.000	4.000	1.245	0.163
4760.000	4.000	1.245	0.163
4770.000	4.000	1.318	0.163
4780.000	4.000	1.318	0.164
4790.000	4.000	1.318	0.164
4800.000	4.000	1.318	0.162
4810.000	4.000	1.245	0.161
4820.000	4.000	1.245	0.161
4830.000	4.000	1.172	0.163
4840.000	4.000	1.172	0.159
4850.000	4.000	1.092	0.162
4860.000	4.000	1.019	0.162
4870.000	4.000	1.035	0.157
4880.000	4.000	1.035	0.158
4890.000	4.000	1.035	0.169
4900.000	4.000	1.035	0.162
4910.000	4.000	1.022	0.164
4920.000	4.000	1.095	0.163
4930.000	4.000	1.103	0.161
4940.000	4.000	1.156	0.162
4950.000	4.000	1.171	0.161
4960.000	4.000	1.244	0.163
4970.000	4.000	1.148	0.162
4980.000	4.000	1.164	0.156
4990.000	4.000	1.164	0.163
5000.000	4.000	1.164	0.163
5010.000	4.000	1.033	0.162
5020.000	4.000	1.025	0.162
5030.000	4.000	0.898	0.148
5040.000	4.000	0.817	0.162
5050.000	4.000	0.744	0.163
5060.000	4.000	0.750	0.163
5070.000	4.000	0.661	0.163
5080.000	4.000	0.587	0.163
5090.000	4.000	0.587	0.163
5100.000	4.000	0.587	0.162
5110.000	4.000	0.513	0.164
5120.000	4.000	0.513	0.164
5130.000	4.000	0.513	0.163
5140.000	4.000	0.513	0.162
5150.000	4.000	0.513	0.162
5160.000	4.000	0.513	0.161
5170.000	4.000	0.439	0.163
5180.000	4.000	0.439	0.163
5190.000	4.000	0.439	0.166
5200.000	4.000	0.366	0.162
5210.000	4.000	0.366	0.162
5220.000	4.000	0.439	0.162
5230.000	4.000	0.439	0.158
5240.000	4.000	0.439	0.158
5250.000	4.000	0.366	0.163
5260.000	4.000	0.366	0.163
5270.000	4.000	0.366	0.163
5280.000	4.000	0.293	0.161
5290.000	4.000	0.293	0.164
5300.000	4.000	0.293	0.164
5310.000	4.000	0.293	0.163
5320.000	4.000	0.220	0.162
5330.000	4.000	0.220	0.162
5340.000	4.000	0.220	0.166
5350.000	4.000	0.146	0.163
5360.000	4.000	0.146	0.163
5370.000	4.000	0.146	0.161
5380.000	4.000	0.073	0.164
5390.000	4.000	0.073	0.164
5400.000	4.000	0.073	0.164
5410.000	4.000	0.073	0.163
5420.000	4.000	0.073	0.163
5430.000	4.000	0.073	0.167
5440.000	4.000	-0.073	0.163
5450.000	4.000	-0.073	0.163
5460.000	4.000	-0.073	0.162
5470.000	4.000	-0.073	0.163
5480.000	4.000	-0.073	0.163
5490.000	4.000	-0.146	0.162
5500.000	4.000	-0.146	0.162
5510.000	4.000	-0.146	0.162
5520.000	4.000	-0.220	0.162
5530.000	4.000	-0.220	0.167
5540.000	4.000	-0.220	0.167
5550.000	4.000	-0.220	0.162
5560.000	4.000	-0.293	0.164
5570.000	4.000	-0.293	0.164
5580.000	4.000	-0.293	0.163
5590.000	4.000	-0.293	0.162
5600.000	4.000	-0.293	0.162
5610.000	4.000	-0.293	0.163
5620.000	4.000	-0.293	0.163
5630.000	4.000	-0.293	0.163
5640.000	4.000	-0.366	0.161
5650.000	4.000	-0.366	0.163
5660.000	4.000	-0.366	0.163
5670.000	4.000	-0.293	0.164
5680.000	4.000	-0.293	0.162
5690.000	4.000	-0.293	0.162
5700.000	4.000	-0.366	0.162
5710.000	4.000	-0.293	0.163
5720.000	4.000	-0.293	0.163
5730.000	4.000	-0.366	0.162
5740.000	4.000	-0.366	0.164
5750.000	4.000	-0.366	0.164
5760.000	4.000	-0.293	0.162
5770.000	4.000	-0.293	0.162
5780.000	4.000	-0.293	0.162
5790.000	4.000	-0.366	0.163
5800.000	4.000	-0.366	0.164
5810.000	4.000	-0.366	0.164
5820.000	4.000	-0.439	0.161
5830.000	4.000	-0.366	0.158
5840.000	4.000	-0.366	0.158
5850.000	4.000	-0.366	0.164
5860.000	4.000	-0.366	0.163
5870.000	4.000	-0.366	0.163
5880.000	4.000	-0.439	0.163
5890.000	4.000	-0.439	0.164
5900.000	4.000	-0.439	0.164
5910.000	4.000	-0.439	0.164
5920.000	4.000	-0.439	0.164
5930.000	4.000	-0.439	0.164
5940.000	4.000	-0.366	0.166
5950.000	4.000	-0.439	0.164
5960.000	4.000	-0.439	0.164
5970.000	4.000	-0.513	0.163
5980.000	4.000	-0.439	0.164
5990.000	4.000	-0.439	0.164
6000.000	4.000	-0.513	0.163
6010.000	4.000	-0.513	0.163
6020.000	4.000	-0.513	0.163
6030.000	4.000	-0.513	0.161
6040.000	4.000	-0.513	0.106
6050.000	4.000	-0.513	0.106
6060.000	4.000	-0.439	0.081
6070.000	4.000	-0.366	0.043
6080.000	4.000	-0.366	0.043
6090.000	4.000	-0.293	0.032
6100.000	4.000	-0.146	0.023
6110.000	4.000	-0.146	0.023
6120.000	4.000	-0.146	0.018
6130.000	4.000	0.000	0.012
6140.000	4.000	0.000	0.012
6150.000	4.000	0.146	0.010
6160.000	4.000	0.293	0.012
6170.000	4.000	0.293	0.012
6180.000	4.000	0.366	0.007
6190.000	4.000	0.586	0.008
6200.000	4.000	0.586	0.008
6210.000	4.000	0.659	0.010
6220.000	4.000	0.732	0.010
6230.000	4.000	0.732	0.010
6240.000	4.000	0.879	0.013
6250.000	4.000	0.879	0.008
6260.000	4.000	0.879	0.008
6270.000	4.000	0.879	0.008
6280.000	4.000	0.879	0.008
6290.000	4.000	0.879	0.008
6300.000	4.000	0.879	0.008
6310.000	4.000	0.952	0.007
6320.000	4.000	0.952	0.007
6330.000	4.000	1.025	0.007
6340.000	4.000	1.172	0.004
6350.000	4.000	1.172	0.004
6360.000	4.000	1.318	0.006
6370.000	4.000	1.685	0.004
6380.000	4.000	1.685	0.004
6390.000	4.000	1.758	0.010
6400.000	4.000	1.904	0.007
6410.000	4.000	1.904	0.007
6420.000	4.000	1.978	0.009
6430.000	4.000	2.124	0.008
6440.000	4.000	2.124	0.008
6450.000	4.000	2.104	0.004
6460.000	4.000	2.104	0.004
6470.000	4.000	2.251	0.007
6480.000	4.000	2.251	0.006
6490.000	4.000	2.275	0.017
6500.000	4.000	2.395	0.004
6510.000	4.000	2.322	0.006
6520.000	4.000	2.419	0.006
6530.000	4.000	2.399	0.007
6540.000	4.000	2.399	0.012
6550.000	4.000	2.525	0.006
6560.000	4.000	2.705	0.004
6570.000	4.000	2.705	0.006
6580.000	4.000	2.819	0.003
6590.000	4.000	2.841	-0.002
6600.000	4.000	2.794	0.006
6610.000	4.000	2.973	0.006
6620.000	4.000	3.062	0.004
6630.000	4.000	3.229	0.004
6640.000	4.000	3.497	0.018
6650.000	4.000	3.438	0.007
6660.000	4.000	3.331	0.006
6670.000	4.000	3.291	0.006
6680.000	4.000	3.150	0.008
6690.000	4.000	3.177	0.007
6700.000	4.000	3.527	0.006
6710.000	4.000	3.667	0.006
6720.000	4.000	3.701	0.008
6730.000	4.000	3.701	0.004
6740.000	4.000	3.505	0.004
6750.000	4.000	3.678	0.004
6760.000	4.000	3.955	0.006
6770.000	4.000	4.029	0.006
6780.000	4.000	4.129	0.003
6790.000	4.000	4.161	0.003
6800.000	4.000	3.858	0.004
6810.000	4.000	3.832	0.006
6820.000	4.000	4.116	0.004
6830.000	4.000	4.216	0.006
6840.000	4.000	4.289	0.003
6850.000	4.000	4.338	0.006
6860.000	4.000	4.102	0.006
6870.000	4.000	4.361	0.003
6880.000	4.000	4.434	0.004
6890.000	4.000	4.475	0.006
6900.000	4.000	4.575	0.003
6910.000	4.000	4.624	0.006
6920.000	4.000	4.572	0.009
6930.000	4.000	4.692	0.006
6940.000	4.000	4.814	0.006
6950.000	4.000	4.792	0.004
6960.000	4.000	5.045	0.007
6970.000	4.000	5.118	0.007
6980.000	4.000	5.078	0.007
6990.000	4.000	5.078	0.036
7000.000	4.000	5.282	0.004
7010.000	4.000	5.459	0.006
