%Time [ms]	Commanded Torque [mNm]	Angular Velocity [RPM]	Actual Current [Amp]	%9/23/20259:52 AM
0.000	0.000	0.000	0.000
4050040.000	6.000	0.000	0.006
20.000	6.000	0.000	0.006
30.000	6.000	0.000	0.008
40.000	6.000	0.000	0.008
50.000	6.000	0.000	0.007
60.000	6.000	0.000	0.006
70.000	6.000	0.000	0.009
80.000	6.000	0.000	0.010
90.000	6.000	0.000	0.009
100.000	6.000	0.000	0.008
110.000	6.000	0.000	0.009
120.000	6.000	0.000	0.007
130.000	6.000	0.000	0.008
140.000	6.000	0.000	0.007
150.000	6.000	0.000	0.003
160.000	6.000	0.000	0.003
170.000	6.000	0.000	0.002
180.000	6.000	0.000	0.006
190.000	6.000	0.000	0.006
200.000	6.000	0.000	0.006
210.000	6.000	0.000	0.010
220.000	6.000	0.000	0.010
230.000	6.000	0.000	0.006
240.000	6.000	0.000	0.004
250.000	6.000	0.000	0.004
260.000	6.000	0.000	0.004
270.000	6.000	0.000	0.004
280.000	6.000	0.000	0.004
290.000	6.000	0.000	0.007
300.000	6.000	0.000	0.003
310.000	6.000	0.000	0.003
320.000	6.000	0.000	0.001
330.000	6.000	0.000	0.004
340.000	6.000	0.000	0.004
350.000	6.000	0.000	0.006
360.000	6.000	0.000	0.006
370.000	6.000	0.000	0.006
380.000	6.000	0.000	0.007
390.000	6.000	0.000	0.006
400.000	6.000	0.000	0.006
410.000	6.000	0.000	0.006
420.000	6.000	0.000	0.006
430.000	6.000	0.000	0.006
440.000	6.000	0.000	0.003
450.000	6.000	0.000	0.006
460.000	6.000	0.000	0.006
470.000	6.000	0.000	0.006
480.000	6.000	0.000	0.006
490.000	6.000	0.000	0.006
500.000	6.000	0.000	0.003
510.000	6.000	0.000	0.003
520.000	6.000	0.000	0.003
530.000	6.000	0.000	0.006
540.000	6.000	0.000	0.004
550.000	6.000	0.000	0.004
560.000	6.000	0.000	0.004
570.000	6.000	0.000	0.004
580.000	6.000	0.000	0.006
590.000	6.000	0.000	0.006
600.000	6.000	0.000	0.006
610.000	6.000	0.000	0.006
620.000	6.000	0.000	0.007
630.000	6.000	0.000	0.004
640.000	6.000	0.000	0.007
650.000	6.000	0.000	0.002
660.000	6.000	0.000	0.004
670.000	6.000	0.000	0.008
680.000	6.000	0.000	0.006
690.000	6.000	0.000	0.006
700.000	6.000	0.000	0.006
710.000	6.000	0.000	0.004
720.000	6.000	0.000	0.002
730.000	6.000	0.000	0.006
740.000	6.000	0.000	0.006
750.000	6.000	0.000	0.006
760.000	6.000	0.000	0.006
770.000	6.000	0.000	0.007
780.000	6.000	0.000	0.004
790.000	6.000	0.000	0.006
800.000	6.000	0.000	0.003
810.000	6.000	0.000	0.004
820.000	6.000	0.000	0.002
830.000	6.000	0.000	0.006
840.000	6.000	0.000	0.004
850.000	6.000	0.000	0.007
860.000	6.000	0.000	0.004
870.000	6.000	0.000	0.006
880.000	6.000	0.000	0.006
890.000	6.000	0.000	0.004
900.000	6.000	0.000	0.008
910.000	6.000	0.000	0.008
920.000	6.000	0.000	0.008
930.000	6.000	0.000	0.004
940.000	6.000	0.000	0.004
950.000	6.000	0.000	0.006
960.000	6.000	0.000	0.004
970.000	6.000	0.000	0.004
980.000	6.000	0.000	0.006
990.000	6.000	0.000	0.004
1000.000	6.000	0.000	0.004
1010.000	6.000	0.000	0.006
1020.000	6.000	0.000	0.009
1030.000	6.000	0.000	0.007
1040.000	6.000	-0.073	0.021
1050.000	6.000	-0.073	0.081
1060.000	6.000	-0.073	0.123
1070.000	6.000	-0.073	0.156
1080.000	6.000	-0.073	0.178
1090.000	6.000	-0.146	0.196
1100.000	6.000	-0.220	0.211
1110.000	6.000	-0.293	0.216
1120.000	6.000	-0.360	0.225
1130.000	6.000	-0.433	0.227
1140.000	6.000	-0.522	0.231
1150.000	6.000	-0.655	0.236
1160.000	6.000	-0.737	0.235
1170.000	6.000	-0.883	0.227
1180.000	6.000	-0.950	0.240
1190.000	6.000	-1.023	0.241
1200.000	6.000	-1.031	0.240
1210.000	6.000	-1.111	0.240
1220.000	6.000	-1.111	0.240
1230.000	6.000	-1.168	0.240
1240.000	6.000	-1.168	0.240
1250.000	6.000	-1.173	0.240
1260.000	6.000	-1.173	0.245
1270.000	6.000	-1.326	0.239
1280.000	6.000	-1.400	0.240
1290.000	6.000	-1.611	0.241
1300.000	6.000	-1.611	0.241
1310.000	6.000	-1.758	0.241
1320.000	6.000	-1.904	0.240
1330.000	6.000	-1.904	0.240
1340.000	6.000	-1.978	0.240
1350.000	6.000	-2.124	0.245
1360.000	6.000	-2.124	0.245
1370.000	6.000	-2.124	0.245
1380.000	6.000	-2.124	0.240
1390.000	6.000	-2.124	0.240
1400.000	6.000	-2.051	0.239
1410.000	6.000	-2.344	0.242
1420.000	6.000	-2.344	0.242
1430.000	6.000	-2.344	0.241
1440.000	6.000	-2.563	0.240
1450.000	6.000	-2.563	0.240
1460.000	6.000	-2.637	0.241
1470.000	6.000	-3.149	0.240
1480.000	6.000	-3.149	0.240
1490.000	6.000	-3.296	0.240
1500.000	6.000	-3.296	0.241
1510.000	6.000	-3.296	0.241
1520.000	6.000	-3.223	0.236
1530.000	6.000	-3.296	0.240
1540.000	6.000	-3.296	0.240
1550.000	6.000	-3.516	0.242
1560.000	6.000	-3.662	0.244
1570.000	6.000	-3.769	0.244
1580.000	6.000	-3.622	0.238
1590.000	6.000	-3.590	0.241
1600.000	6.000	-3.883	0.241
1610.000	6.000	-4.176	0.241
1620.000	6.000	-4.322	0.245
1630.000	6.000	-4.369	0.241
1640.000	6.000	-4.409	0.242
1650.000	6.000	-4.629	0.240
1660.000	6.000	-4.629	0.240
1670.000	6.000	-4.742	0.240
1680.000	6.000	-4.995	0.239
1690.000	6.000	-4.995	0.239
1700.000	6.000	-5.141	0.242
1710.000	6.000	-4.995	0.235
1720.000	6.000	-4.995	0.235
1730.000	6.000	-5.168	0.240
1740.000	6.000	-5.347	0.239
1750.000	6.000	-5.500	0.240
1760.000	6.000	-5.280	0.242
1770.000	6.000	-5.418	0.239
1780.000	6.000	-5.711	0.242
1790.000	6.000	-5.711	0.239
1800.000	6.000	-5.549	0.239
1810.000	6.000	-5.502	0.239
1820.000	6.000	-5.868	0.240
1830.000	6.000	-6.161	0.241
1840.000	6.000	-6.175	0.242
1850.000	6.000	-6.241	0.242
1860.000	6.000	-6.697	0.244
1870.000	6.000	-6.578	0.244
1880.000	6.000	-6.286	0.242
1890.000	6.000	-6.595	0.240
1900.000	6.000	-6.691	0.242
1910.000	6.000	-6.811	0.242
1920.000	6.000	-6.974	0.245
1930.000	6.000	-6.974	0.242
1940.000	6.000	-6.960	0.240
1950.000	6.000	-6.960	0.240
1960.000	6.000	-6.864	0.239
1970.000	6.000	-6.991	0.240
1980.000	6.000	-7.446	0.242
1990.000	6.000	-7.417	0.239
2000.000	6.000	-7.402	0.244
2010.000	6.000	-7.475	0.236
2020.000	6.000	-7.379	0.249
2030.000	6.000	-7.379	0.240
2040.000	6.000	-7.599	0.239
2050.000	6.000	-7.818	0.240
2060.000	6.000	-7.679	0.241
2070.000	6.000	-7.679	0.241
2080.000	6.000	-7.716	0.239
2090.000	6.000	-7.582	0.239
2100.000	6.000	-7.827	0.240
2110.000	6.000	-8.193	0.240
2120.000	6.000	-8.053	0.245
2130.000	6.000	-7.980	0.240
2140.000	6.000	-8.106	0.242
2150.000	6.000	-7.886	0.239
2160.000	6.000	-8.472	0.239
2170.000	6.000	-8.472	0.239
2180.000	6.000	-8.199	0.240
2190.000	6.000	-8.330	0.244
2200.000	6.000	-8.330	0.244
2210.000	6.000	-8.110	0.240
2220.000	6.000	-8.623	0.238
2230.000	6.000	-8.623	0.238
2240.000	6.000	-8.423	0.242
2250.000	6.000	-8.423	0.242
2260.000	6.000	-8.423	0.242
2270.000	6.000	-8.569	0.241
2280.000	6.000	-8.569	0.240
2290.000	6.000	-8.569	0.240
2300.000	6.000	-8.789	0.240
2310.000	6.000	-8.716	0.241
2320.000	6.000	-8.716	0.241
2330.000	6.000	-9.009	0.242
2340.000	6.000	-8.936	0.240
2350.000	6.000	-8.936	0.240
2360.000	6.000	-9.009	0.240
2370.000	6.000	-9.155	0.244
2380.000	6.000	-9.155	0.244
2390.000	6.000	-9.155	0.239
2400.000	6.000	-9.229	0.240
2410.000	6.000	-9.229	0.240
2420.000	6.000	-9.155	0.242
2430.000	6.000	-9.302	0.244
2440.000	6.000	-9.302	0.244
2450.000	6.000	-9.375	0.241
2460.000	6.000	-9.448	0.241
2470.000	6.000	-9.362	0.239
2480.000	6.000	-9.484	0.239
2490.000	6.000	-9.630	0.240
2500.000	6.000	-9.630	0.240
2510.000	6.000	-9.557	0.240
2520.000	6.000	-9.557	0.239
2530.000	6.000	-9.557	0.239
2540.000	6.000	-9.630	0.241
2550.000	6.000	-9.630	0.241
2560.000	6.000	-9.630	0.241
2570.000	6.000	-9.863	0.236
2580.000	6.000	-9.595	0.240
2590.000	6.000	-9.595	0.238
2600.000	6.000	-9.595	0.240
2610.000	6.000	-9.692	0.240
2620.000	6.000	-9.766	0.241
2630.000	6.000	-9.546	0.240
2640.000	6.000	-9.619	0.244
2650.000	6.000	-9.586	0.239
2660.000	6.000	-9.513	0.241
2670.000	6.000	-9.716	0.235
2680.000	6.000	-9.570	0.241
2690.000	6.000	-9.643	0.239
2700.000	6.000	-9.716	0.240
2710.000	6.000	-9.538	0.239
2720.000	6.000	-9.538	0.242
2730.000	6.000	-9.628	0.242
2740.000	6.000	-9.628	0.241
2750.000	6.000	-9.588	0.241
2760.000	6.000	-9.588	0.242
2770.000	6.000	-9.351	0.242
2780.000	6.000	-9.351	0.242
2790.000	6.000	-9.441	0.240
2800.000	6.000	-9.368	0.244
2810.000	6.000	-9.374	0.239
2820.000	6.000	-9.374	0.246
2830.000	6.000	-9.212	0.239
2840.000	6.000	-9.138	0.240
2850.000	6.000	-9.334	0.228
2860.000	6.000	-9.334	0.238
2870.000	6.000	-9.440	0.240
2880.000	6.000	-9.367	0.240
2890.000	6.000	-9.277	0.240
2900.000	6.000	-9.177	0.238
2910.000	6.000	-9.348	0.240
2920.000	6.000	-9.348	0.240
2930.000	6.000	-9.422	0.239
2940.000	6.000	-9.422	0.244
2950.000	6.000	-9.200	0.242
2960.000	6.000	-9.289	0.244
2970.000	6.000	-9.216	0.236
2980.000	6.000	-9.283	0.240
2990.000	6.000	-9.291	0.239
3000.000	6.000	-9.317	0.241
3010.000	6.000	-9.140	0.239
3020.000	6.000	-9.066	0.242
3030.000	6.000	-9.237	0.238
3040.000	6.000	-9.164	0.241
3050.000	6.000	-9.191	0.240
3060.000	6.000	-9.101	0.241
3070.000	6.000	-8.935	0.245
3080.000	6.000	-9.088	0.242
3090.000	6.000	-9.088	0.239
3100.000	6.000	-9.015	0.242
3110.000	6.000	-9.168	0.240
3120.000	6.000	-8.948	0.219
3130.000	6.000	-9.037	0.242
3140.000	6.000	-9.037	0.244
3150.000	6.000	-9.069	0.245
3160.000	6.000	-9.143	0.242
3170.000	6.000	-9.089	0.241
3180.000	6.000	-9.309	0.241
3190.000	6.000	-9.161	0.241
3200.000	6.000	-9.088	0.242
3210.000	6.000	-9.275	0.242
3220.000	6.000	-9.195	0.227
3230.000	6.000	-9.351	0.240
3240.000	6.000	-9.351	0.242
3250.000	6.000	-9.092	0.241
3260.000	6.000	-9.271	0.240
3270.000	6.000	-9.197	0.238
3280.000	6.000	-9.051	0.239
3290.000	6.000	-9.191	0.241
3300.000	6.000	-8.971	0.242
3310.000	6.000	-8.930	0.242
3320.000	6.000	-8.937	0.239
3330.000	6.000	-8.595	0.240
3340.000	6.000	-8.868	0.239
3350.000	6.000	-8.655	0.241
3360.000	6.000	-8.492	0.245
3370.000	6.000	-8.552	0.234
3380.000	6.000	-8.259	0.244
3390.000	6.000	-8.674	0.239
3400.000	6.000	-8.748	0.239
3410.000	6.000	-8.308	0.242
3420.000	6.000	-8.560	0.230
3430.000	6.000	-8.481	0.239
3440.000	6.000	-8.501	0.240
3450.000	6.000	-8.973	0.238
3460.000	6.000	-8.743	0.241
3470.000	6.000	-8.757	0.234
3480.000	6.000	-9.001	0.241
3490.000	6.000	-8.512	0.240
3500.000	6.000	-8.805	0.240
3510.000	6.000	-8.960	0.241
3520.000	6.000	-8.634	0.241
3530.000	6.000	-8.861	0.242
3540.000	6.000	-8.722	0.240
3550.000	6.000	-8.663	0.241
3560.000	6.000	-8.803	0.241
3570.000	6.000	-8.657	0.239
3580.000	6.000	-8.479	0.242
3590.000	6.000	-8.552	0.244
3600.000	6.000	-8.422	0.241
3610.000	6.000	-8.607	0.242
3620.000	6.000	-8.534	0.245
3630.000	6.000	-8.322	0.242
3640.000	6.000	-8.441	0.239
3650.000	6.000	-8.174	0.244
3660.000	6.000	-8.508	0.240
3670.000	6.000	-8.575	0.247
3680.000	6.000	-8.361	0.240
3690.000	6.000	-8.451	0.240
3700.000	6.000	-8.421	0.239
3710.000	6.000	-8.155	0.240
3720.000	6.000	-8.635	0.235
3730.000	6.000	-8.554	0.238
3740.000	6.000	-8.281	0.239
3750.000	6.000	-8.501	0.241
3760.000	6.000	-8.094	0.240
3770.000	6.000	-8.174	0.238
3780.000	6.000	-8.727	0.240
3790.000	6.000	-8.491	0.245
3800.000	6.000	-8.285	0.239
3810.000	6.000	-8.577	0.241
3820.000	6.000	-8.037	0.234
3830.000	6.000	-8.184	0.239
3840.000	6.000	-8.583	0.240
3850.000	6.000	-8.290	0.241
3860.000	6.000	-8.363	0.240
3870.000	6.000	-8.363	0.242
3880.000	6.000	-7.889	0.239
3890.000	6.000	-8.443	0.247
3900.000	6.000	-8.077	0.242
3910.000	6.000	-8.077	0.242
3920.000	6.000	-8.356	0.236
3930.000	6.000	-8.210	0.240
3940.000	6.000	-7.818	0.240
3950.000	6.000	-8.184	0.242
3960.000	6.000	-8.192	0.244
3970.000	6.000	-7.899	0.242
3980.000	6.000	-8.185	0.242
3990.000	6.000	-7.852	0.238
4000.000	6.000	-7.852	0.246
4010.000	6.000	-8.145	0.242
4020.000	6.000	-7.998	0.244
4030.000	6.000	-7.925	0.241
4040.000	6.000	-8.138	0.241
4050.000	6.000	-7.778	0.240
4060.000	6.000	-7.860	0.240
4070.000	6.000	-8.226	0.239
4080.000	6.000	-7.933	0.241
4090.000	6.000	-7.793	0.238
4100.000	6.000	-7.940	0.244
4110.000	6.000	-7.883	0.239
4120.000	6.000	-7.956	0.241
4130.000	6.000	-8.322	0.241
4140.000	6.000	-8.029	0.242
4150.000	6.000	-7.963	0.242
4160.000	6.000	-8.020	0.239
4170.000	6.000	-7.800	0.225
4180.000	6.000	-7.946	0.240
4190.000	6.000	-8.233	0.239
4200.000	6.000	-8.005	0.239
4210.000	6.000	-7.776	0.238
4220.000	6.000	-7.995	0.244
4230.000	6.000	-7.629	0.240
4240.000	6.000	-8.068	0.239
4250.000	6.000	-8.275	0.238
4260.000	6.000	-7.909	0.241
4270.000	6.000	-7.982	0.245
4280.000	6.000	-8.055	0.240
4290.000	6.000	-7.835	0.240
4300.000	6.000	-8.117	0.240
4310.000	6.000	-8.256	0.239
4320.000	6.000	-7.882	0.245
4330.000	6.000	-8.088	0.242
4340.000	6.000	-7.869	0.240
4350.000	6.000	-8.390	0.239
4360.000	6.000	-8.390	0.239
4370.000	6.000	-8.316	0.238
4380.000	6.000	-8.243	0.241
4390.000	6.000	-8.243	0.241
4400.000	6.000	-8.043	0.239
4410.000	6.000	-8.043	0.239
4420.000	6.000	-8.324	0.239
4430.000	6.000	-8.191	0.240
4440.000	6.000	-8.118	0.240
4450.000	6.000	-8.236	0.240
4460.000	6.000	-7.870	0.239
4470.000	6.000	-8.196	0.241
4480.000	6.000	-8.475	0.242
4490.000	6.000	-8.109	0.240
4500.000	6.000	-8.353	0.242
4510.000	6.000	-8.427	0.242
4520.000	6.000	-8.227	0.241
4530.000	6.000	-8.520	0.240
4540.000	6.000	-8.520	0.244
4550.000	6.000	-8.247	0.242
4560.000	6.000	-8.654	0.241
4570.000	6.000	-8.401	0.241
4580.000	6.000	-8.488	0.241
4590.000	6.000	-8.854	0.242
4600.000	6.000	-8.543	0.241
4610.000	6.000	-8.470	0.240
4620.000	6.000	-8.796	0.242
4630.000	6.000	-8.436	0.239
4640.000	6.000	-8.924	0.239
4650.000	6.000	-8.998	0.244
4660.000	6.000	-8.591	0.239
4670.000	6.000	-8.811	0.240
4680.000	6.000	-8.835	0.241
4690.000	6.000	-8.882	0.238
4700.000	6.000	-9.111	0.241
4710.000	6.000	-9.038	0.240
4720.000	6.000	-8.912	0.242
4730.000	6.000	-9.141	0.240
4740.000	6.000	-8.919	0.240
4750.000	6.000	-9.163	0.242
4760.000	6.000	-9.163	0.240
4770.000	6.000	-9.139	0.241
4780.000	6.000	-9.139	0.241
4790.000	6.000	-9.312	0.241
4800.000	6.000	-9.296	0.238
4810.000	6.000	-9.296	0.238
4820.000	6.000	-9.462	0.245
4830.000	6.000	-9.619	0.244
4840.000	6.000	-9.619	0.244
4850.000	6.000	-9.521	0.241
4860.000	6.000	-9.595	0.240
4870.000	6.000	-9.628	0.239
4880.000	6.000	-9.726	0.240
4890.000	6.000	-9.872	0.242
4900.000	6.000	-9.726	0.242
4910.000	6.000	-9.945	0.241
4920.000	6.000	-9.872	0.245
4930.000	6.000	-9.992	0.241
4940.000	6.000	-9.919	0.242
4950.000	6.000	-9.935	0.240
4960.000	6.000	-10.301	0.242
4970.000	6.000	-10.195	0.239
4980.000	6.000	-10.463	0.244
4990.000	6.000	-9.944	0.239
5000.000	6.000	-10.351	0.239
5010.000	6.000	-10.497	0.239
5020.000	6.000	-10.571	0.238
5030.000	6.000	-10.744	0.240
5040.000	6.000	-10.524	0.239
5050.000	6.000	-10.761	0.239
5060.000	6.000	-10.810	0.241
5070.000	6.000	-11.029	0.239
5080.000	6.000	-10.583	0.241
5090.000	6.000	-10.956	0.239
5100.000	6.000	-10.956	0.242
5110.000	6.000	-11.249	0.241
5120.000	6.000	-11.029	0.241
5130.000	6.000	-11.102	0.239
5140.000	6.000	-11.289	0.240
5150.000	6.000	-11.703	0.244
5160.000	6.000	-11.361	0.241
5170.000	6.000	-11.361	0.241
5180.000	6.000	-11.661	0.239
5190.000	6.000	-11.954	0.242
5200.000	6.000	-11.747	0.240
5210.000	6.000	-11.674	0.239
5220.000	6.000	-12.097	0.239
5230.000	6.000	-12.183	0.241
5240.000	6.000	-12.176	0.242
5250.000	6.000	-11.948	0.244
5260.000	6.000	-12.334	0.242
5270.000	6.000	-12.334	0.241
5280.000	6.000	-12.619	0.241
5290.000	6.000	-12.353	0.242
5300.000	6.000	-13.130	0.241
5310.000	6.000	-12.837	0.241
5320.000	6.000	-12.866	0.238
5330.000	6.000	-12.780	0.241
5340.000	6.000	-13.349	0.239
5350.000	6.000	-13.276	0.239
5360.000	6.000	-13.403	0.238
5370.000	6.000	-13.769	0.241
5380.000	6.000	-13.451	0.241
5390.000	6.000	-13.717	0.240
5400.000	6.000	-13.636	0.241
5410.000	6.000	-13.809	0.238
5420.000	6.000	-14.186	0.240
5430.000	6.000	-14.333	0.240
5440.000	6.000	-14.170	0.238
5450.000	6.000	-14.243	0.239
5460.000	6.000	-14.398	0.242
5470.000	6.000	-14.471	0.246
5480.000	6.000	-14.724	0.240
5490.000	6.000	-15.001	0.241
5500.000	6.000	-15.001	0.241
5510.000	6.000	-15.047	0.241
5520.000	6.000	-15.316	0.241
5530.000	6.000	-15.316	0.241
5540.000	6.000	-15.243	0.241
5550.000	6.000	-15.820	0.244
5560.000	6.000	-15.820	0.244
5570.000	6.000	-15.601	0.241
5580.000	6.000	-15.967	0.239
5590.000	6.000	-15.967	0.239
5600.000	6.000	-15.894	0.240
5610.000	6.000	-16.406	0.245
5620.000	6.000	-16.406	0.245
5630.000	6.000	-16.333	0.241
5640.000	6.000	-16.553	0.240
5650.000	6.000	-16.553	0.240
5660.000	6.000	-16.699	0.240
5670.000	6.000	-17.285	0.239
5680.000	6.000	-17.285	0.239
5690.000	6.000	-17.285	0.240
5700.000	6.000	-17.651	0.241
5710.000	6.000	-17.651	0.241
5720.000	6.000	-18.018	0.241
5730.000	6.000	-17.798	0.242
5740.000	6.000	-17.798	0.242
5750.000	6.000	-18.311	0.240
5760.000	6.000	-18.530	0.244
5770.000	6.000	-18.530	0.244
5780.000	6.000	-18.530	0.241
5790.000	6.000	-18.970	0.240
5800.000	6.000	-18.970	0.240
5810.000	6.000	-19.043	0.238
5820.000	6.000	-19.189	0.246
5830.000	6.000	-19.449	0.240
5840.000	6.000	-19.669	0.240
5850.000	6.000	-19.644	0.240
5860.000	6.000	-19.664	0.239
5870.000	6.000	-19.738	0.240
5880.000	6.000	-20.250	0.241
5890.000	6.000	-20.270	0.240
5900.000	6.000	-20.417	0.244
5910.000	6.000	-20.889	0.241
5920.000	6.000	-20.696	0.242
5930.000	6.000	-21.421	0.242
5940.000	6.000	-21.421	0.242
5950.000	6.000	-21.665	0.240
5960.000	6.000	-21.572	0.244
5970.000	6.000	-21.979	0.242
5980.000	6.000	-21.652	0.240
5990.000	6.000	-22.340	0.239
6000.000	6.000	-22.235	0.238
6010.000	6.000	-22.235	0.238
6020.000	6.000	-22.574	0.247
6030.000	6.000	-22.761	0.240
6040.000	6.000	-22.761	0.240
6050.000	6.000	-22.981	0.211
6060.000	6.000	-23.307	0.118
6070.000	6.000	-23.307	0.118
6080.000	6.000	-23.706	0.089
6090.000	6.000	-23.584	0.045
6100.000	6.000	-23.584	0.045
6110.000	6.000	-23.950	0.041
6120.000	6.000	-23.877	0.024
6130.000	6.000	-23.877	0.024
6140.000	6.000	-24.097	0.017
6150.000	6.000	-24.316	0.013
6160.000	6.000	-24.316	0.013
6170.000	6.000	-24.316	0.013
6180.000	6.000	-24.609	0.007
6190.000	6.000	-24.609	0.007
6200.000	6.000	-24.609	0.007
6210.000	6.000	-24.609	0.007
6220.000	6.000	-24.536	0.007
6230.000	6.000	-24.463	0.006
6240.000	6.000	-24.316	0.004
6250.000	6.000	-24.536	0.007
6260.000	6.000	-24.390	0.003
6270.000	6.000	-24.536	0.004
6280.000	6.000	-24.536	0.004
6290.000	6.000	-24.390	0.004
6300.000	6.000	-24.829	0.006
6310.000	6.000	-24.829	0.006
6320.000	6.000	-25.049	0.006
6330.000	6.000	-25.342	0.006
6340.000	6.000	-25.342	0.006
6350.000	6.000	-25.195	0.007
6360.000	6.000	-25.415	0.004
6370.000	6.000	-25.415	0.004
6380.000	6.000	-25.342	0.006
6390.000	6.000	-25.269	0.006
6400.000	6.000	-25.269	0.006
6410.000	6.000	-25.562	0.007
6420.000	6.000	-25.415	0.009
6430.000	6.000	-25.455	0.006
6440.000	6.000	-25.309	0.004
6450.000	6.000	-25.894	0.004
6460.000	6.000	-25.455	0.008
6470.000	6.000	-25.732	0.007
6480.000	6.000	-25.805	0.006
6490.000	6.000	-25.638	0.004
6500.000	6.000	-25.638	0.006
6510.000	6.000	-25.622	0.006
6520.000	6.000	-25.729	0.007
6530.000	6.000	-25.884	0.004
6540.000	6.000	-26.031	0.007
6550.000	6.000	-25.431	0.004
6560.000	6.000	-25.871	0.007
6570.000	6.000	-25.708	0.008
6580.000	6.000	-25.475	0.004
6590.000	6.000	-25.845	0.007
6600.000	6.000	-25.918	0.006
6610.000	6.000	-25.548	0.007
6620.000	6.000	-25.368	-0.003
6630.000	6.000	-25.857	0.006
6640.000	6.000	-25.484	0.004
6650.000	6.000	-25.790	0.007
6660.000	6.000	-25.497	0.006
6670.000	6.000	-25.904	0.006
6680.000	6.000	-25.917	0.006
6690.000	6.000	-25.641	0.003
6700.000	6.000	-25.641	0.003
6710.000	6.000	-25.734	0.004
6720.000	6.000	-25.050	0.006
6730.000	6.000	-25.050	0.006
6740.000	6.000	-25.350	0.003
6750.000	6.000	-25.423	0.004
6760.000	6.000	-25.423	0.004
6770.000	6.000	-24.756	0.001
6780.000	6.000	-24.902	0.006
6790.000	6.000	-24.902	0.006
6800.000	6.000	-25.049	0.004
6810.000	6.000	-24.902	0.007
6820.000	6.000	-24.882	0.006
6830.000	6.000	-24.663	0.006
6840.000	6.000	-24.866	0.007
6850.000	6.000	-24.793	0.006
6860.000	6.000	-24.646	0.004
6870.000	6.000	-24.573	0.007
6880.000	6.000	-24.054	0.004
6890.000	6.000	-24.127	0.006
6900.000	6.000	-24.257	0.004
6910.000	6.000	-24.111	0.007
6920.000	6.000	-24.131	0.002
6930.000	6.000	-24.204	0.004
6940.000	6.000	-23.701	0.003
6950.000	6.000	-23.554	0.007
6960.000	6.000	-23.668	0.006
6970.000	6.000	-23.742	0.002
6980.000	6.000	-23.895	0.004
6990.000	6.000	-23.748	0.004
7000.000	6.000	-23.252	0.007
7010.000	6.000	-23.325	0.007
