%Time [ms]	Commanded Torque [mNm]	Angular Velocity [RPM]	Actual Current [Amp]	%9/23/20259:45 AM
0.000	0.000	0.000	0.000
3600140.000	6.767	5.859	-0.010
20.000	6.767	-11.719	0.006
30.000	6.767	-9.766	0.007
40.000	6.767	-9.766	0.007
50.000	6.767	-9.766	0.007
60.000	6.767	31.250	-0.005
70.000	6.767	31.250	-0.005
80.000	6.767	31.250	-0.005
90.000	6.767	7.812	-0.006
100.000	6.767	7.812	-0.006
110.000	6.767	7.812	-0.006
120.000	6.767	-7.812	0.012
130.000	6.767	-7.812	0.012
140.000	6.767	-7.812	0.012
150.000	6.767	-1.953	0.018
160.000	6.767	-1.953	0.018
170.000	6.767	-1.953	0.018
180.000	6.767	-5.859	0.008
190.000	6.767	-5.859	0.008
200.000	6.767	-5.859	0.008
210.000	6.767	21.484	0.013
220.000	6.767	21.484	0.013
230.000	6.767	21.484	0.013
240.000	6.767	25.391	0.012
250.000	6.767	25.391	0.012
260.000	6.767	25.391	0.012
270.000	6.767	1.953	-0.022
280.000	6.767	1.953	-0.022
290.000	6.767	1.953	-0.022
300.000	6.767	7.812	0.013
310.000	6.767	7.812	0.013
320.000	6.767	7.812	0.013
330.000	6.767	48.828	0.012
340.000	6.767	48.828	0.012
350.000	6.767	48.828	0.012
360.000	6.767	11.719	-0.010
370.000	6.767	11.719	-0.010
380.000	6.767	11.719	-0.010
390.000	6.767	35.156	0.003
400.000	6.767	35.156	0.003
410.000	6.767	35.156	0.003
420.000	6.767	39.062	-0.001
430.000	6.767	39.062	-0.001
440.000	6.767	39.062	-0.001
450.000	6.767	17.578	-0.010
460.000	6.767	17.578	-0.010
470.000	6.767	17.578	-0.010
480.000	6.767	3.906	-0.010
490.000	6.767	3.906	-0.010
500.000	6.767	3.906	-0.010
510.000	6.767	3.906	0.003
520.000	6.767	3.906	0.003
530.000	6.767	3.906	0.003
540.000	6.767	39.062	0.000
550.000	6.767	39.062	0.000
560.000	6.767	39.062	0.000
570.000	6.767	52.734	0.018
580.000	6.767	52.734	0.018
590.000	6.767	52.734	0.018
600.000	6.767	7.812	-0.004
610.000	6.767	7.812	-0.004
620.000	6.767	7.812	-0.004
630.000	6.767	-1.953	0.017
640.000	6.767	-1.953	0.017
650.000	6.767	-1.953	0.017
660.000	6.767	46.875	0.011
670.000	6.767	46.875	0.011
680.000	6.767	46.875	0.011
690.000	6.767	25.391	0.018
700.000	6.767	25.391	0.018
710.000	6.767	25.391	0.018
720.000	6.767	7.812	0.000
730.000	6.767	7.812	0.000
740.000	6.767	7.812	0.000
750.000	6.767	0.000	-0.012
760.000	6.767	0.000	-0.012
770.000	6.767	0.000	-0.012
780.000	6.767	7.812	-0.010
790.000	6.767	7.812	-0.010
800.000	6.767	7.812	-0.010
810.000	6.767	-1.953	-0.006
820.000	6.767	-1.953	-0.006
830.000	6.767	-1.953	-0.006
840.000	6.767	5.859	-0.022
850.000	6.767	5.859	-0.022
860.000	6.767	5.859	-0.022
870.000	6.767	19.531	0.014
880.000	6.767	19.531	0.014
890.000	6.767	19.531	0.014
900.000	6.767	42.969	0.010
910.000	6.767	42.969	0.010
920.000	6.767	42.969	0.010
930.000	6.767	29.297	0.001
940.000	6.767	29.297	0.001
950.000	6.767	29.297	0.001
960.000	6.767	-11.719	0.010
970.000	6.767	-11.719	0.010
980.000	6.767	-11.719	0.010
990.000	6.767	5.859	-0.011
1000.000	6.767	5.859	-0.011
1010.000	6.767	5.859	-0.011
1020.000	6.767	-7.812	0.001
1030.000	6.767	-7.812	0.001
1040.000	6.767	-7.812	0.001
1050.000	6.767	-15.625	0.000
1060.000	6.767	-15.625	0.000
1070.000	6.767	-15.625	0.000
1080.000	6.767	13.672	0.006
1090.000	6.767	13.672	0.006
1100.000	6.767	13.672	0.006
1110.000	6.767	-1.953	0.089
1120.000	6.767	-1.953	0.089
1130.000	6.767	-1.953	0.089
1140.000	6.767	33.203	0.170
1150.000	6.767	33.203	0.170
1160.000	6.767	33.203	0.170
1170.000	6.767	-5.859	0.201
1180.000	6.767	-5.859	0.201
1190.000	6.767	-5.859	0.201
1200.000	6.767	66.406	0.201
1210.000	6.767	66.406	0.201
1220.000	6.767	66.406	0.201
1230.000	6.767	85.937	0.207
1240.000	6.767	85.937	0.207
1250.000	6.767	85.937	0.207
1260.000	6.767	27.344	0.194
1270.000	6.767	27.344	0.194
1280.000	6.767	27.344	0.194
1290.000	6.767	68.359	0.195
1300.000	6.767	68.359	0.195
1310.000	6.767	68.359	0.195
1320.000	6.767	105.469	0.200
1330.000	6.767	105.469	0.200
1340.000	6.767	105.469	0.200
1350.000	6.767	87.891	0.190
1360.000	6.767	87.891	0.190
1370.000	6.767	87.891	0.190
1380.000	6.767	130.859	0.210
1390.000	6.767	130.859	0.210
1400.000	6.767	130.859	0.210
1410.000	6.767	101.562	0.202
1420.000	6.767	101.562	0.202
1430.000	6.767	101.562	0.202
1440.000	6.767	158.203	0.186
1450.000	6.767	158.203	0.186
1460.000	6.767	158.203	0.186
1470.000	6.767	144.531	0.188
1480.000	6.767	144.531	0.188
1490.000	6.767	144.531	0.188
1500.000	6.767	164.062	0.187
1510.000	6.767	164.062	0.187
1520.000	6.767	164.062	0.187
1530.000	6.767	138.672	0.201
1540.000	6.767	138.672	0.201
1550.000	6.767	138.672	0.201
1560.000	6.767	154.297	0.204
1570.000	6.767	154.297	0.204
1580.000	6.767	154.297	0.204
1590.000	6.767	210.937	0.202
1600.000	6.767	210.937	0.202
1610.000	6.767	210.937	0.202
1620.000	6.767	207.031	0.208
1630.000	6.767	207.031	0.208
1640.000	6.767	207.031	0.208
1650.000	6.767	234.375	0.209
1660.000	6.767	234.375	0.209
1670.000	6.767	234.375	0.209
1680.000	6.767	210.937	0.184
1690.000	6.767	210.937	0.184
1700.000	6.767	210.937	0.184
1710.000	6.767	228.516	0.199
1720.000	6.767	228.516	0.199
1730.000	6.767	228.516	0.199
1740.000	6.767	253.906	0.195
1750.000	6.767	253.906	0.195
1760.000	6.767	253.906	0.195
1770.000	6.767	255.859	0.186
1780.000	6.767	255.859	0.186
1790.000	6.767	255.859	0.186
1800.000	6.767	271.484	0.203
1810.000	6.767	271.484	0.203
1820.000	6.767	271.484	0.203
1830.000	6.767	271.484	0.207
1840.000	6.767	271.484	0.207
1850.000	6.767	271.484	0.207
1860.000	6.767	312.500	0.204
1870.000	6.767	312.500	0.204
1880.000	6.767	312.500	0.204
1890.000	6.767	291.016	0.198
1900.000	6.767	291.016	0.198
1910.000	6.767	291.016	0.198
1920.000	6.767	292.969	0.173
1930.000	6.767	292.969	0.173
1940.000	6.767	292.969	0.173
1950.000	6.767	310.547	0.213
1960.000	6.767	310.547	0.213
1970.000	6.767	310.547	0.213
1980.000	6.767	320.312	0.211
1990.000	6.767	320.312	0.211
2000.000	6.767	320.312	0.211
2010.000	6.767	318.359	0.181
2020.000	6.767	318.359	0.181
2030.000	6.767	318.359	0.181
2040.000	6.767	343.750	0.196
2050.000	6.767	343.750	0.196
2060.000	6.767	343.750	0.196
2070.000	6.767	349.609	0.187
2080.000	6.767	349.609	0.187
2090.000	6.767	349.609	0.187
2100.000	6.767	386.719	0.209
2110.000	6.767	386.719	0.209
2120.000	6.767	386.719	0.209
2130.000	6.767	380.859	0.205
2140.000	6.767	380.859	0.205
2150.000	6.767	380.859	0.205
2160.000	6.767	349.609	0.202
2170.000	6.767	349.609	0.202
2180.000	6.767	349.609	0.202
2190.000	6.767	406.250	0.185
2200.000	6.767	406.250	0.185
2210.000	6.767	406.250	0.185
2220.000	6.767	427.734	0.196
2230.000	6.767	427.734	0.196
2240.000	6.767	427.734	0.196
2250.000	6.767	394.531	0.183
2260.000	6.767	394.531	0.183
2270.000	6.767	394.531	0.183
2280.000	6.767	449.219	0.195
2290.000	6.767	449.219	0.195
2300.000	6.767	449.219	0.195
2310.000	6.767	431.641	0.187
2320.000	6.767	431.641	0.187
2330.000	6.767	431.641	0.187
2340.000	6.767	404.297	0.204
2350.000	6.767	404.297	0.204
2360.000	6.767	404.297	0.204
2370.000	6.767	453.125	0.196
2380.000	6.767	453.125	0.196
2390.000	6.767	453.125	0.196
2400.000	6.767	451.172	0.194
2410.000	6.767	451.172	0.194
2420.000	6.767	451.172	0.194
2430.000	6.767	455.078	0.177
2440.000	6.767	455.078	0.177
2450.000	6.767	455.078	0.177
2460.000	6.767	492.187	0.185
2470.000	6.767	492.187	0.185
2480.000	6.767	492.187	0.185
2490.000	6.767	478.516	0.175
2500.000	6.767	478.516	0.175
2510.000	6.767	478.516	0.175
2520.000	6.767	513.672	0.210
2530.000	6.767	513.672	0.210
2540.000	6.767	513.672	0.210
2550.000	6.767	503.906	0.184
2560.000	6.767	503.906	0.184
2570.000	6.767	503.906	0.184
2580.000	6.767	519.531	0.204
2590.000	6.767	519.531	0.204
2600.000	6.767	519.531	0.204
2610.000	6.767	507.812	0.195
2620.000	6.767	507.812	0.195
2630.000	6.767	507.812	0.195
2640.000	6.767	542.969	0.195
2650.000	6.767	542.969	0.195
2660.000	6.767	542.969	0.195
2670.000	6.767	529.297	0.179
2680.000	6.767	529.297	0.179
2690.000	6.767	529.297	0.179
2700.000	6.767	572.266	0.193
2710.000	6.767	572.266	0.193
2720.000	6.767	572.266	0.193
2730.000	6.767	568.359	0.209
2740.000	6.767	568.359	0.209
2750.000	6.767	568.359	0.209
2760.000	6.767	580.078	0.187
2770.000	6.767	580.078	0.187
2780.000	6.767	580.078	0.187
2790.000	6.767	605.469	0.209
2800.000	6.767	605.469	0.209
2810.000	6.767	605.469	0.209
2820.000	6.767	619.141	0.176
2830.000	6.767	619.141	0.176
2840.000	6.767	619.141	0.176
2850.000	6.767	601.562	0.182
2860.000	6.767	601.562	0.182
2870.000	6.767	601.562	0.182
2880.000	6.767	617.187	0.198
2890.000	6.767	617.187	0.198
2900.000	6.767	617.187	0.198
2910.000	6.767	623.047	0.210
2920.000	6.767	623.047	0.210
2930.000	6.767	623.047	0.210
2940.000	6.767	617.187	0.211
2950.000	6.767	617.187	0.211
2960.000	6.767	617.187	0.211
2970.000	6.767	648.437	0.192
2980.000	6.767	648.437	0.192
2990.000	6.767	648.437	0.192
3000.000	6.767	646.484	0.200
3010.000	6.767	646.484	0.200
3020.000	6.767	646.484	0.200
3030.000	6.767	642.578	0.190
3040.000	6.767	642.578	0.190
3050.000	6.767	642.578	0.190
3060.000	6.767	660.156	0.194
3070.000	6.767	660.156	0.194
3080.000	6.767	660.156	0.194
3090.000	6.767	638.672	0.193
3100.000	6.767	638.672	0.193
3110.000	6.767	638.672	0.193
3120.000	6.767	671.875	0.221
3130.000	6.767	671.875	0.221
3140.000	6.767	671.875	0.221
3150.000	6.767	718.750	0.210
3160.000	6.767	718.750	0.210
3170.000	6.767	718.750	0.210
3180.000	6.767	701.172	0.209
3190.000	6.767	701.172	0.209
3200.000	6.767	701.172	0.209
3210.000	6.767	693.359	0.193
3220.000	6.767	693.359	0.193
3230.000	6.767	693.359	0.193
3240.000	6.767	718.750	0.205
3250.000	6.767	718.750	0.205
3260.000	6.767	718.750	0.205
3270.000	6.767	738.281	0.173
3280.000	6.767	738.281	0.173
3290.000	6.767	738.281	0.173
3300.000	6.767	693.359	0.211
3310.000	6.767	693.359	0.211
3320.000	6.767	693.359	0.211
3330.000	6.767	738.281	0.180
3340.000	6.767	738.281	0.180
3350.000	6.767	738.281	0.180
3360.000	6.767	726.562	0.188
3370.000	6.767	726.562	0.188
3380.000	6.767	726.562	0.188
3390.000	6.767	718.750	0.201
3400.000	6.767	718.750	0.201
3410.000	6.767	718.750	0.201
3420.000	6.767	763.672	0.189
3430.000	6.767	763.672	0.189
3440.000	6.767	763.672	0.189
3450.000	6.767	785.156	0.215
3460.000	6.767	785.156	0.215
3470.000	6.767	785.156	0.215
3480.000	6.767	771.484	0.197
3490.000	6.767	771.484	0.197
3500.000	6.767	771.484	0.197
3510.000	6.767	761.719	0.172
3520.000	6.767	761.719	0.172
3530.000	6.767	761.719	0.172
3540.000	6.767	794.922	0.190
3550.000	6.767	794.922	0.190
3560.000	6.767	794.922	0.190
3570.000	6.767	814.453	0.224
3580.000	6.767	814.453	0.224
3590.000	6.767	814.453	0.224
3600.000	6.767	816.406	0.194
3610.000	6.767	816.406	0.194
3620.000	6.767	816.406	0.194
3630.000	6.767	847.656	0.193
3640.000	6.767	847.656	0.193
3650.000	6.767	847.656	0.193
3660.000	6.767	818.359	0.214
3670.000	6.767	818.359	0.214
3680.000	6.767	818.359	0.214
3690.000	6.767	861.328	0.186
3700.000	6.767	861.328	0.186
3710.000	6.767	861.328	0.186
3720.000	6.767	865.234	0.205
3730.000	6.767	865.234	0.205
3740.000	6.767	865.234	0.205
3750.000	6.767	849.609	0.210
3760.000	6.767	849.609	0.210
3770.000	6.767	849.609	0.210
3780.000	6.767	894.531	0.209
3790.000	6.767	894.531	0.209
3800.000	6.767	894.531	0.209
3810.000	6.767	875.000	0.187
3820.000	6.767	875.000	0.187
3830.000	6.767	875.000	0.187
3840.000	6.767	886.719	0.167
3850.000	6.767	886.719	0.167
3860.000	6.767	886.719	0.167
3870.000	6.767	900.391	0.206
3880.000	6.767	900.391	0.206
3890.000	6.767	900.391	0.206
3900.000	6.767	857.422	0.197
3910.000	6.767	857.422	0.197
3920.000	6.767	857.422	0.197
3930.000	6.767	914.062	0.204
3940.000	6.767	914.062	0.204
3950.000	6.767	914.062	0.204
3960.000	6.767	912.109	0.207
3970.000	6.767	912.109	0.207
3980.000	6.767	912.109	0.207
3990.000	6.767	900.391	0.206
4000.000	6.767	900.391	0.206
4010.000	6.767	900.391	0.206
4020.000	6.767	904.297	0.191
4030.000	6.767	904.297	0.191
4040.000	6.767	904.297	0.191
4050.000	6.767	894.531	0.207
4060.000	6.767	894.531	0.207
4070.000	6.767	894.531	0.207
4080.000	6.767	953.125	0.212
4090.000	6.767	953.125	0.212
4100.000	6.767	953.125	0.212
4110.000	6.767	986.328	0.196
4120.000	6.767	986.328	0.196
4130.000	6.767	986.328	0.196
4140.000	6.767	966.797	0.202
4150.000	6.767	966.797	0.202
4160.000	6.767	966.797	0.202
4170.000	6.767	968.750	0.181
4180.000	6.767	968.750	0.181
4190.000	6.767	968.750	0.181
4200.000	6.767	1007.812	0.199
4210.000	6.767	1007.812	0.199
4220.000	6.767	1007.812	0.199
4230.000	6.767	968.750	0.193
4240.000	6.767	968.750	0.193
4250.000	6.767	968.750	0.193
4260.000	6.767	968.750	0.190
4270.000	6.767	968.750	0.190
4280.000	6.767	968.750	0.190
4290.000	6.767	974.609	0.195
4300.000	6.767	974.609	0.195
4310.000	6.767	974.609	0.195
4320.000	6.767	990.234	0.204
4330.000	6.767	990.234	0.204
4340.000	6.767	990.234	0.204
4350.000	6.767	1005.859	0.187
4360.000	6.767	1005.859	0.187
4370.000	6.767	1005.859	0.187
4380.000	6.767	1017.578	0.194
4390.000	6.767	1017.578	0.194
4400.000	6.767	1017.578	0.194
4410.000	6.767	1000.000	0.192
4420.000	6.767	1000.000	0.192
4430.000	6.767	1000.000	0.192
4440.000	6.767	1064.453	0.185
4450.000	6.767	1064.453	0.185
4460.000	6.767	1064.453	0.185
4470.000	6.767	1035.156	0.186
4480.000	6.767	1035.156	0.186
4490.000	6.767	1035.156	0.186
4500.000	6.767	1041.016	0.197
4510.000	6.767	1041.016	0.197
4520.000	6.767	1041.016	0.197
4530.000	6.767	1076.172	0.200
4540.000	6.767	1076.172	0.200
4550.000	6.767	1076.172	0.200
4560.000	6.767	1089.844	0.206
4570.000	6.767	1089.844	0.206
4580.000	6.767	1089.844	0.206
4590.000	6.767	1078.125	0.217
4600.000	6.767	1078.125	0.217
4610.000	6.767	1078.125	0.217
4620.000	6.767	1093.750	0.215
4630.000	6.767	1093.750	0.215
4640.000	6.767	1093.750	0.215
4650.000	6.767	1093.750	0.199
4660.000	6.767	1093.750	0.199
4670.000	6.767	1093.750	0.199
4680.000	6.767	1111.328	0.174
4690.000	6.767	1111.328	0.174
4700.000	6.767	1111.328	0.174
4710.000	6.767	1107.422	0.192
4720.000	6.767	1107.422	0.192
4730.000	6.767	1107.422	0.192
4740.000	6.767	1142.578	0.190
4750.000	6.767	1142.578	0.190
4760.000	6.767	1142.578	0.190
4770.000	6.767	1142.578	0.204
4780.000	6.767	1142.578	0.204
4790.000	6.767	1142.578	0.204
4800.000	6.767	1132.812	0.184
4810.000	6.767	1132.812	0.184
4820.000	6.767	1132.812	0.184
4830.000	6.767	1113.281	0.186
4840.000	6.767	1113.281	0.186
4850.000	6.767	1113.281	0.186
4860.000	6.767	1128.906	0.210
4870.000	6.767	1128.906	0.210
4880.000	6.767	1128.906	0.210
4890.000	6.767	1160.156	0.195
4900.000	6.767	1160.156	0.195
4910.000	6.767	1160.156	0.195
4920.000	6.767	1193.359	0.194
4930.000	6.767	1193.359	0.194
4940.000	6.767	1193.359	0.194
4950.000	6.767	1167.969	0.191
4960.000	6.767	1167.969	0.191
4970.000	6.767	1167.969	0.191
4980.000	6.767	1140.625	0.192
4990.000	6.767	1140.625	0.192
5000.000	6.767	1140.625	0.192
5010.000	6.767	1183.594	0.201
5020.000	6.767	1183.594	0.201
5030.000	6.767	1183.594	0.201
5040.000	6.767	1216.797	0.208
5050.000	6.767	1216.797	0.208
5060.000	6.767	1216.797	0.208
5070.000	6.767	1224.609	0.210
5080.000	6.767	1224.609	0.210
5090.000	6.767	1224.609	0.210
5100.000	6.767	1201.172	0.186
5110.000	6.767	1201.172	0.186
5120.000	6.767	1201.172	0.186
5130.000	6.767	1250.000	0.192
5140.000	6.767	1250.000	0.192
5150.000	6.767	1250.000	0.192
5160.000	6.767	1248.047	0.185
5170.000	6.767	1248.047	0.185
5180.000	6.767	1248.047	0.185
5190.000	6.767	1257.812	0.215
5200.000	6.767	1257.812	0.215
5210.000	6.767	1257.812	0.215
5220.000	6.767	1234.375	0.196
5230.000	6.767	1234.375	0.196
5240.000	6.767	1234.375	0.196
5250.000	6.767	1294.922	0.204
5260.000	6.767	1294.922	0.204
5270.000	6.767	1294.922	0.204
5280.000	6.767	1257.812	0.201
5290.000	6.767	1257.812	0.201
5300.000	6.767	1257.812	0.201
5310.000	6.767	1244.141	0.173
5320.000	6.767	1244.141	0.173
5330.000	6.767	1244.141	0.173
5340.000	6.767	1255.859	0.203
5350.000	6.767	1255.859	0.203
5360.000	6.767	1255.859	0.203
5370.000	6.767	1265.625	0.209
5380.000	6.767	1265.625	0.209
5390.000	6.767	1265.625	0.209
5400.000	6.767	1267.578	0.205
5410.000	6.767	1267.578	0.205
5420.000	6.767	1267.578	0.205
5430.000	6.767	1292.969	0.206
5440.000	6.767	1292.969	0.206
5450.000	6.767	1292.969	0.206
5460.000	6.767	1306.641	0.217
5470.000	6.767	1306.641	0.217
5480.000	6.767	1306.641	0.217
5490.000	6.767	1285.156	0.208
5500.000	6.767	1285.156	0.208
5510.000	6.767	1285.156	0.208
5520.000	6.767	1324.219	0.187
5530.000	6.767	1324.219	0.187
5540.000	6.767	1324.219	0.187
5550.000	6.767	1324.219	0.171
5560.000	6.767	1324.219	0.171
5570.000	6.767	1324.219	0.171
5580.000	6.767	1332.031	0.192
5590.000	6.767	1332.031	0.192
5600.000	6.767	1332.031	0.192
5610.000	6.767	1332.031	0.184
5620.000	6.767	1332.031	0.184
5630.000	6.767	1332.031	0.184
5640.000	6.767	1363.281	0.205
5650.000	6.767	1363.281	0.205
5660.000	6.767	1363.281	0.205
5670.000	6.767	1345.703	0.185
5680.000	6.767	1345.703	0.185
5690.000	6.767	1345.703	0.185
5700.000	6.767	1361.328	0.193
5710.000	6.767	1361.328	0.193
5720.000	6.767	1361.328	0.193
5730.000	6.767	1330.078	0.186
5740.000	6.767	1330.078	0.186
5750.000	6.767	1330.078	0.186
5760.000	6.767	1330.078	0.195
5770.000	6.767	1330.078	0.195
5780.000	6.767	1330.078	0.195
5790.000	6.767	1351.562	0.212
5800.000	6.767	1351.562	0.212
5810.000	6.767	1351.562	0.212
5820.000	6.767	1398.437	0.187
5830.000	6.767	1398.437	0.187
5840.000	6.767	1398.437	0.187
5850.000	6.767	1394.531	0.215
5860.000	6.767	1394.531	0.215
5870.000	6.767	1394.531	0.215
5880.000	6.767	1417.969	0.202
5890.000	6.767	1417.969	0.202
5900.000	6.767	1417.969	0.202
5910.000	6.767	1419.922	0.195
5920.000	6.767	1419.922	0.195
5930.000	6.767	1419.922	0.195
5940.000	6.767	1437.500	0.205
5950.000	6.767	1437.500	0.205
5960.000	6.767	1437.500	0.205
5970.000	6.767	1408.203	0.195
5980.000	6.767	1408.203	0.195
5990.000	6.767	1408.203	0.195
6000.000	6.767	1429.687	0.200
6010.000	6.767	1429.687	0.200
6020.000	6.767	1429.687	0.200
6030.000	6.767	1458.984	0.177
6040.000	6.767	1458.984	0.177
6050.000	6.767	1458.984	0.177
6060.000	6.767	1435.547	0.202
6070.000	6.767	1435.547	0.202
6080.000	6.767	1435.547	0.202
6090.000	6.767	1421.875	0.213
6100.000	6.767	1421.875	0.213
6110.000	6.767	1421.875	0.213
6120.000	6.767	1429.687	0.107
6130.000	6.767	1429.687	0.107
6140.000	6.767	1429.687	0.107
6150.000	6.767	1425.781	0.046
6160.000	6.767	1425.781	0.046
6170.000	6.767	1425.781	0.046
6180.000	6.767	1433.594	0.029
6190.000	6.767	1433.594	0.029
6200.000	6.767	1433.594	0.029
6210.000	6.767	1376.953	0.003
6220.000	6.767	1376.953	0.003
6230.000	6.767	1376.953	0.003
6240.000	6.767	1390.625	-0.021
6250.000	6.767	1390.625	-0.021
6260.000	6.767	1390.625	-0.021
6270.000	6.767	1388.672	-0.006
6280.000	6.767	1388.672	-0.006
6290.000	6.767	1388.672	-0.006
6300.000	6.767	1384.766	-0.008
6310.000	6.767	1384.766	-0.008
6320.000	6.767	1384.766	-0.008
6330.000	6.767	1345.703	-0.007
6340.000	6.767	1345.703	-0.007
6350.000	6.767	1345.703	-0.007
6360.000	6.767	1335.937	0.005
6370.000	6.767	1335.937	0.005
6380.000	6.767	1335.937	0.005
6390.000	6.767	1361.328	-0.007
6400.000	6.767	1361.328	-0.007
6410.000	6.767	1361.328	-0.007
6420.000	6.767	1332.031	-0.014
6430.000	6.767	1332.031	-0.014
6440.000	6.767	1332.031	-0.014
6450.000	6.767	1339.844	0.009
6460.000	6.767	1339.844	0.009
6470.000	6.767	1339.844	0.009
6480.000	6.767	1320.312	0.016
6490.000	6.767	1320.312	0.016
6500.000	6.767	1320.312	0.016
6510.000	6.767	1302.734	-0.007
6520.000	6.767	1302.734	-0.007
6530.000	6.767	1302.734	-0.007
6540.000	6.767	1289.062	-0.007
6550.000	6.767	1289.062	-0.007
6560.000	6.767	1289.062	-0.007
6570.000	6.767	1271.484	-0.016
6580.000	6.767	1271.484	-0.016
6590.000	6.767	1271.484	-0.016
6600.000	6.767	1230.469	0.002
6610.000	6.767	1230.469	0.002
6620.000	6.767	1230.469	0.002
6630.000	6.767	1238.281	0.010
6640.000	6.767	1238.281	0.010
6650.000	6.767	1238.281	0.010
6660.000	6.767	1224.609	0.003
6670.000	6.767	1224.609	0.003
6680.000	6.767	1224.609	0.003
6690.000	6.767	1203.125	0.000
6700.000	6.767	1203.125	0.000
6710.000	6.767	1203.125	0.000
6720.000	6.767	1193.359	-0.003
6730.000	6.767	1193.359	-0.003
6740.000	6.767	1193.359	-0.003
6750.000	6.767	1193.359	0.014
6760.000	6.767	1193.359	0.014
6770.000	6.767	1193.359	0.014
6780.000	6.767	1210.937	-0.023
6790.000	6.767	1210.937	-0.023
6800.000	6.767	1210.937	-0.023
6810.000	6.767	1169.922	0.006
6820.000	6.767	1169.922	0.006
6830.000	6.767	1169.922	0.006
6840.000	6.767	1203.125	0.003
6850.000	6.767	1203.125	0.003
6860.000	6.767	1203.125	0.003
6870.000	6.767	1197.266	-0.021
6880.000	6.767	1197.266	-0.021
6890.000	6.767	1197.266	-0.021
6900.000	6.767	1177.734	0.005
6910.000	6.767	1177.734	0.005
6920.000	6.767	1177.734	0.005
6930.000	6.767	1119.141	0.005
6940.000	6.767	1119.141	0.005
6950.000	6.767	1119.141	0.005
6960.000	6.767	1162.109	-0.017
6970.000	6.767	1162.109	-0.017
6980.000	6.767	1162.109	-0.017
6990.000	6.767	1123.047	0.015
7000.000	6.767	1123.047	0.015
7010.000	6.767	1123.047	0.015
