% Time (s)	Gyro Output (rads/s)	Input Rate (RPM)	%9/23/20258:59 AM
0.000	0.000	0.000
817.930	0.470	-5.193
817.940	0.470	-5.250
817.950	0.530	-5.494
817.960	0.530	-5.687
817.970	0.530	-5.541
817.980	0.540	-5.370
817.990	0.540	-5.590
818.000	0.540	-6.038
818.010	0.530	-5.964
818.020	0.530	-5.885
818.030	0.530	-6.177
818.040	0.540	-6.207
818.050	0.540	-5.987
818.060	0.540	-5.816
818.070	0.570	-6.036
818.080	0.570	-6.369
818.090	0.570	-6.369
818.100	0.590	-6.221
818.110	0.590	-6.604
818.120	0.590	-6.530
818.130	0.600	-6.237
818.140	0.600	-6.444
818.150	0.600	-6.664
818.160	0.610	-6.841
818.170	0.610	-6.988
818.180	0.610	-7.069
818.190	0.640	-6.996
818.200	0.640	-6.916
818.210	0.640	-6.826
818.220	0.640	-6.979
818.230	0.640	-7.053
818.240	0.640	-7.305
818.250	0.640	-7.232
818.260	0.640	-7.079
818.270	0.640	-6.932
818.280	0.640	-6.917
818.290	0.640	-7.064
818.300	0.640	-7.373
818.310	0.650	-7.446
818.320	0.650	-7.293
818.330	0.650	-7.041
818.340	0.640	-7.041
818.350	0.640	-7.114
818.360	0.640	-7.407
818.370	0.640	-7.407
818.380	0.640	-7.267
818.390	0.640	-6.812
818.400	0.630	-6.812
818.410	0.630	-6.738
818.420	0.630	-6.885
818.430	0.600	-6.898
818.440	0.600	-6.971
818.450	0.600	-6.971
818.460	0.600	-6.825
818.470	0.600	-6.532
818.480	0.600	-6.678
818.490	0.610	-6.698
818.500	0.610	-6.772
818.510	0.610	-6.942
818.520	0.610	-6.942
818.530	0.610	-6.783
818.540	0.610	-6.490
818.550	0.590	-6.556
818.560	0.590	-6.703
818.570	0.590	-6.695
818.580	0.580	-6.768
818.590	0.580	-6.821
818.600	0.580	-6.675
818.610	0.580	-6.164
818.620	0.580	-6.237
818.630	0.580	-6.530
818.640	0.570	-6.457
818.650	0.570	-6.244
818.660	0.570	-6.464
818.670	0.550	-6.279
818.680	0.550	-5.839
818.690	0.550	-5.823
818.700	0.530	-6.043
818.710	0.530	-6.089
818.720	0.530	-5.870
818.730	0.490	-5.603
818.740	0.490	-5.750
818.750	0.490	-5.734
818.760	0.440	-5.294
818.770	0.440	-5.121
818.780	0.440	-5.048
818.790	0.400	-4.918
818.800	0.400	-4.551
818.810	0.400	-4.405
818.820	0.330	-4.092
818.830	0.330	-3.846
818.840	0.330	-3.260
818.850	0.200	-2.771
818.860	0.200	-2.405
818.870	0.200	-2.039
818.880	0.010	-1.606
818.890	0.010	-0.174
818.900	0.010	0.705
818.910	-0.190	1.344
818.920	-0.190	1.344
818.930	-0.190	2.003
818.940	-0.400	2.476
818.950	-0.400	3.217
818.960	-0.400	4.275
818.970	-0.590	5.007
818.980	-0.590	5.966
818.990	-0.590	6.552
819.000	-0.800	7.011
819.010	-0.800	7.816
819.020	-0.800	8.435
819.030	-0.990	9.194
819.040	-0.990	9.746
819.050	-0.990	10.715
819.060	-1.100	11.048
819.070	-1.100	11.488
819.080	-1.100	11.927
819.090	-1.210	12.320
819.100	-1.210	12.919
819.110	-1.210	12.822
819.120	-1.250	13.375
819.130	-1.250	13.642
819.140	-1.250	13.788
819.150	-1.260	13.625
819.160	-1.260	13.479
819.170	-1.260	13.780
819.180	-1.250	13.487
819.190	-1.250	13.826
819.200	-1.250	13.826
819.210	-1.230	13.605
819.220	-1.230	13.385
819.230	-1.230	13.141
819.240	-1.170	13.241
819.250	-1.170	12.655
819.260	-1.170	12.956
819.270	-1.070	12.408
819.280	-1.070	12.482
819.290	-1.070	11.839
819.300	-1.010	11.439
819.310	-1.010	11.580
819.320	-1.010	11.213
819.330	-0.960	10.925
819.340	-0.960	10.459
819.350	-0.960	10.679
819.360	-0.880	10.011
819.370	-0.880	9.745
819.380	-0.880	9.452
819.390	-0.760	9.089
819.400	-0.760	8.537
819.410	-0.760	8.130
819.420	-0.630	7.837
819.430	-0.630	7.344
819.440	-0.630	6.978
819.450	-0.480	6.279
819.460	-0.480	5.839
819.470	-0.480	5.432
819.480	-0.320	4.700
819.490	-0.320	4.314
819.500	-0.320	3.874
819.510	-0.160	3.142
819.520	-0.160	2.410
819.530	-0.160	1.970
819.540	-0.020	1.531
819.550	-0.020	0.985
819.560	-0.020	0.326
819.570	0.120	-0.333
819.580	0.120	-1.041
819.590	0.120	-2.066
819.600	0.280	-2.066
819.610	0.280	-2.506
819.620	0.280	-3.971
819.630	0.460	-3.971
819.640	0.460	-4.410
819.650	0.460	-4.850
819.660	0.590	-5.495
819.670	0.590	-5.895
819.680	0.590	-6.465
819.690	0.720	-7.050
819.700	0.720	-7.270
819.710	0.720	-7.856
819.720	0.820	-7.916
819.730	0.820	-8.282
819.740	0.820	-9.072
819.750	0.910	-9.291
819.760	0.910	-9.744
819.770	0.910	-10.110
819.780	1.000	-10.318
819.790	1.000	-10.342
819.800	1.000	-11.074
819.810	1.070	-11.074
819.820	1.070	-11.600
819.830	1.070	-11.600
819.840	1.100	-11.630
819.850	1.100	-12.143
819.860	1.100	-12.126
819.870	1.130	-12.273
819.880	1.130	-12.180
819.890	1.130	-12.668
819.900	1.140	-12.348
819.910	1.140	-12.568
819.920	1.140	-12.479
819.930	1.130	-12.465
819.940	1.130	-12.392
819.950	1.130	-12.022
819.960	1.080	-12.022
819.970	1.080	-12.242
819.980	1.080	-11.876
819.990	0.970	-11.410
820.000	0.970	-11.363
820.010	0.970	-11.102
820.020	0.900	-10.899
820.030	0.900	-10.093
820.040	0.900	-9.947
820.050	0.800	-9.567
820.060	0.800	-9.221
820.070	0.800	-8.489
820.080	0.680	-8.489
820.090	0.680	-8.003
820.100	0.680	-7.417
820.110	0.530	-6.692
820.120	0.530	-6.032
820.130	0.530	-5.740
820.140	0.360	-5.300
820.150	0.360	-4.679
820.160	0.360	-4.166
820.170	0.180	-3.500
820.180	0.180	-2.694
820.190	0.180	-2.108
820.200	-0.020	-1.523
820.210	-0.020	-0.897
820.220	-0.020	-0.018
820.230	-0.210	0.748
820.240	-0.210	1.407
820.250	-0.210	2.140
820.260	-0.410	2.872
820.270	-0.410	3.817
820.280	-0.410	4.477
820.290	-0.590	5.209
820.300	-0.590	5.941
820.310	-0.590	6.381
820.320	-0.790	7.073
820.330	-0.790	7.699
820.340	-0.790	8.798
820.350	-0.980	9.335
820.360	-0.980	10.067
820.370	-0.980	10.360
820.380	-1.130	11.100
820.390	-1.130	11.319
820.400	-1.130	12.157
820.410	-1.240	12.963
820.420	-1.240	13.516
820.430	-1.240	13.516
820.440	-1.280	13.383
820.450	-1.280	13.676
820.460	-1.280	13.993
820.470	-1.310	14.153
820.480	-1.310	14.293
820.490	-1.310	14.732
820.500	-1.340	14.273
820.510	-1.340	14.200
820.520	-1.340	14.242
820.530	-1.290	14.375
820.540	-1.290	14.375
820.550	-1.290	14.058
820.560	-1.250	14.058
820.570	-1.250	14.045
820.580	-1.250	13.972
820.590	-1.240	13.459
820.600	-1.240	13.665
820.610	-1.240	13.470
820.620	-1.190	13.470
820.630	-1.190	12.891
820.640	-1.190	12.378
820.650	-1.070	12.378
820.660	-1.070	12.085
820.670	-1.070	10.913
820.680	-0.940	10.913
820.690	-0.940	10.913
820.700	-0.940	10.041
820.710	-0.790	9.691
820.720	-0.790	9.032
820.730	-0.790	8.519
820.740	-0.580	7.494
820.750	-0.580	6.908
820.760	-0.580	6.175
820.770	-0.370	5.709
820.780	-0.370	5.050
820.790	-0.370	3.661
820.800	-0.180	3.661
820.810	-0.180	2.766
820.820	-0.180	1.608
820.830	-0.020	1.608
820.840	-0.020	1.071
820.850	-0.020	0.411
820.860	0.120	-0.221
820.870	0.120	-0.707
820.880	0.120	-1.253
820.890	0.240	-1.708
820.900	0.240	-2.507
820.910	0.240	-3.173
820.920	0.360	-3.173
820.930	0.360	-3.610
820.940	0.360	-3.878
820.950	0.460	-4.184
820.960	0.460	-4.724
820.970	0.460	-5.074
820.980	0.560	-5.261
820.990	0.560	-5.700
821.000	0.560	-6.213
821.010	0.640	-6.439
821.020	0.640	-6.726
821.030	0.640	-7.133
821.040	0.730	-7.279
821.050	0.730	-7.778
821.060	0.730	-7.925
821.070	0.840	-8.487
821.080	0.840	-8.853
821.090	0.840	-9.016
821.100	0.930	-9.456
821.110	0.930	-9.815
821.120	0.930	-10.181
821.130	1.000	-10.004
821.140	1.000	-10.663
821.150	1.000	-10.704
821.160	1.020	-11.143
821.170	1.020	-10.890
821.180	1.020	-11.330
821.190	1.060	-11.500
821.200	1.060	-11.646
821.210	1.060	-11.719
821.220	1.130	-11.793
821.230	1.130	-12.621
821.240	1.130	-12.475
821.250	1.170	-12.601
821.260	1.170	-12.454
821.270	1.170	-13.284
821.280	1.210	-13.064
821.290	1.210	-13.464
821.300	1.210	-13.391
821.310	1.200	-13.424
821.320	1.200	-13.204
821.330	1.200	-12.879
821.340	1.130	-13.025
821.350	1.130	-12.859
821.360	1.130	-12.639
821.370	1.050	-11.995
821.380	1.050	-11.995
821.390	1.050	-11.751
821.400	0.940	-11.032
821.410	0.940	-11.040
821.420	0.940	-10.600
821.430	0.820	-9.964
821.440	0.820	-9.524
821.450	0.820	-9.077
821.460	0.660	-8.491
821.470	0.660	-7.865
821.480	0.660	-7.279
821.490	0.480	-6.524
821.500	0.480	-6.145
821.510	0.480	-5.250
821.520	0.280	-4.664
821.530	0.280	-4.071
821.540	0.280	-3.192
821.550	0.080	-2.541
821.560	0.080	-1.955
821.570	0.080	-1.272
821.580	-0.110	-0.559
821.590	-0.110	0.395
821.600	-0.110	1.127
821.610	-0.310	1.771
821.620	-0.310	2.357
821.630	-0.310	3.000
821.640	-0.490	3.952
821.650	-0.490	4.611
821.660	-0.490	5.197
821.670	-0.650	5.885
821.680	-0.650	6.345
821.690	-0.650	6.833
821.700	-0.810	7.565
821.710	-0.810	8.031
821.720	-0.810	8.894
821.730	-0.920	9.123
821.740	-0.920	9.555
821.750	-0.920	9.921
821.760	-0.990	10.387
821.770	-0.990	10.261
821.780	-0.990	11.066
821.790	-1.020	11.188
821.800	-1.020	11.188
821.810	-1.020	11.275
821.820	-1.030	11.105
821.830	-1.030	11.404
821.840	-1.030	11.323
821.850	-1.030	11.250
821.860	-1.030	11.003
821.870	-1.030	11.516
821.880	-1.010	11.117
821.890	-1.010	11.117
821.900	-1.010	11.214
821.910	-1.010	11.214
821.920	-1.010	11.108
821.930	-1.010	10.831
821.940	-1.020	10.831
821.950	-1.020	11.197
821.960	-1.020	11.270
821.970	-1.030	11.270
821.980	-1.030	11.011
821.990	-1.030	11.206
822.000	-1.000	11.206
822.010	-1.000	10.986
822.020	-1.000	10.474
822.030	-0.970	10.474
822.040	-0.970	10.840
822.050	-0.970	10.400
822.060	-0.910	10.400
822.070	-0.910	9.888
822.080	-0.910	9.375
822.090	-0.800	9.375
822.100	-0.800	9.082
822.110	-0.800	8.423
822.120	-0.670	8.423
822.130	-0.670	8.276
822.140	-0.670	6.958
822.150	-0.580	6.958
822.160	-0.580	6.332
822.170	-0.580	6.186
822.180	-0.480	6.039
822.190	-0.480	5.380
822.200	-0.480	4.973
822.210	-0.330	4.514
822.220	-0.330	4.001
822.230	-0.330	3.505
822.240	-0.210	3.198
822.250	-0.210	2.979
822.260	-0.210	2.579
822.270	-0.080	1.920
822.280	-0.080	1.334
822.290	-0.080	0.878
822.300	0.060	0.353
822.310	0.060	-0.067
822.320	0.060	-0.530
822.330	0.200	-1.026
822.340	0.200	-1.526
822.350	0.200	-2.323
822.360	0.340	-2.789
822.370	0.340	-3.155
822.380	0.340	-3.448
822.390	0.440	-3.798
822.400	0.440	-4.412
822.410	0.440	-4.778
822.420	0.550	-5.134
822.430	0.550	-5.777
822.440	0.550	-6.143
822.450	0.630	-6.078
822.460	0.630	-6.345
822.470	0.630	-6.931
822.480	0.700	-7.224
822.490	0.700	-7.810
822.500	0.700	-7.810
822.510	0.790	-7.956
822.520	0.790	-8.455
822.530	0.790	-8.285
822.540	0.850	-8.684
822.550	0.850	-8.977
822.560	0.850	-9.140
822.570	0.890	-9.320
822.580	0.890	-9.645
822.590	0.890	-9.792
822.600	0.930	-9.777
822.610	0.930	-10.216
822.620	0.930	-10.761
822.630	0.980	-10.508
822.640	0.980	-10.508
822.650	0.980	-10.932
822.660	1.010	-11.045
822.670	1.010	-10.939
822.680	1.010	-10.500
822.690	0.960	-10.500
822.700	0.960	-10.872
822.710	0.960	-10.767
822.720	0.910	-10.767
822.730	0.910	-10.254
822.740	0.910	-10.327
822.750	0.920	-10.327
822.760	0.920	-10.181
822.770	0.920	-9.888
822.780	0.900	-9.888
822.790	0.900	-10.034
822.800	0.900	-9.595
822.810	0.830	-9.595
822.820	0.830	-9.448
822.830	0.830	-8.862
822.840	0.750	-8.862
822.850	0.750	-8.716
822.860	0.750	-7.837
822.870	0.670	-7.837
822.880	0.670	-7.983
822.890	0.670	-7.178
822.900	0.590	-7.178
822.910	0.590	-6.885
822.920	0.590	-6.152
822.930	0.470	-6.152
822.940	0.470	-5.933
822.950	0.470	-4.907
822.960	0.380	-4.907
822.970	0.380	-4.614
822.980	0.380	-3.589
822.990	0.270	-3.589
823.000	0.270	-3.369
823.010	0.270	-2.710
823.020	0.130	-2.710
823.030	0.130	-2.197
823.040	0.130	-1.099
823.050	-0.010	-1.099
823.060	-0.010	-0.659
823.070	-0.010	0.439
823.080	-0.160	0.439
823.090	-0.160	1.025
823.100	-0.160	1.685
823.110	-0.350	2.490
823.120	-0.350	3.149
823.130	-0.350	3.662
823.140	-0.540	4.181
823.150	-0.540	5.060
823.160	-0.540	5.654
823.170	-0.710	6.460
823.180	-0.710	7.046
823.190	-0.710	7.485
823.200	-0.860	8.245
823.210	-0.860	8.538
823.220	-0.860	9.335
823.230	-0.980	9.621
823.240	-0.980	10.583
823.250	-0.980	10.656
823.260	-1.080	11.108
823.270	-1.080	11.034
823.280	-1.080	11.783
823.290	-1.150	12.109
823.300	-1.150	12.294
823.310	-1.150	12.661
823.320	-1.190	12.609
823.330	-1.190	13.275
823.340	-1.190	12.786
823.350	-1.230	13.153
823.360	-1.230	13.271
823.370	-1.230	13.491
823.380	-1.230	13.195
823.390	-1.230	13.381
823.400	-1.230	13.625
823.410	-1.210	13.332
823.420	-1.210	13.465
823.430	-1.210	13.246
823.440	-1.190	13.305
823.450	-1.190	12.792
823.460	-1.190	12.955
823.470	-1.140	12.955
823.480	-1.140	12.795
823.490	-1.140	12.502
823.500	-1.080	12.073
823.510	-1.080	12.073
823.520	-1.080	11.829
823.530	-1.030	11.316
823.540	-1.030	11.290
823.550	-1.030	10.767
823.560	-0.940	10.767
823.570	-0.940	10.417
823.580	-0.940	9.831
823.590	-0.790	9.604
823.600	-0.790	9.220
823.610	-0.790	8.072
823.620	-0.650	8.072
823.630	-0.650	8.072
823.640	-0.650	7.340
823.650	-0.520	6.696
823.660	-0.520	5.990
823.670	-0.520	5.421
823.680	-0.380	5.128
823.690	-0.380	4.695
823.700	-0.380	4.101
823.710	-0.220	3.661
823.720	-0.220	3.149
823.730	-0.220	2.416
823.740	-0.050	1.977
823.750	-0.050	1.497
823.760	-0.050	0.879
823.770	0.090	0.334
823.780	0.090	-0.252
823.790	0.090	-0.911
823.800	0.210	-1.331
823.810	0.210	-1.770
823.820	0.210	-2.259
823.830	0.340	-2.771
823.840	0.340	-3.304
823.850	0.340	-3.646
823.860	0.440	-3.906
823.870	0.440	-4.419
823.880	0.440	-4.858
823.890	0.540	-5.032
823.900	0.540	-5.491
823.910	0.540	-6.256
823.920	0.650	-6.500
823.930	0.650	-6.866
823.940	0.650	-7.213
823.950	0.720	-7.323
823.960	0.720	-7.470
823.970	0.720	-7.795
823.980	0.750	-7.795
823.990	0.750	-8.469
824.000	0.750	-8.688
824.010	0.800	-8.296
824.020	0.800	-8.736
824.030	0.800	-8.833
824.040	0.860	-9.273
824.050	0.860	-9.479
824.060	0.860	-9.699
824.070	0.940	-9.706
824.080	0.940	-9.999
824.090	0.940	-10.162
824.100	0.970	-10.082
824.110	0.970	-10.800
824.120	0.970	-10.653
824.130	0.990	-10.942
824.140	0.990	-10.429
824.150	0.990	-11.007
824.160	1.010	-11.080
824.170	1.010	-11.333
824.180	1.010	-11.187
824.190	1.010	-11.057
824.200	1.010	-11.356
824.210	1.010	-11.218
824.220	1.010	-11.218
824.230	1.010	-10.905
824.240	1.010	-10.913
824.250	0.980	-10.913
824.260	0.980	-11.060
824.270	0.980	-10.767
824.280	0.950	-10.767
824.290	0.950	-10.547
824.300	0.950	-10.181
824.310	0.900	-10.181
824.320	0.900	-10.034
824.330	0.900	-9.961
824.340	0.890	-9.961
824.350	0.890	-10.181
824.360	0.890	-10.034
824.370	0.920	-10.034
824.380	0.920	-10.181
824.390	0.920	-10.181
824.400	0.920	-10.008
824.410	0.920	-9.942
824.420	0.920	-10.162
824.430	0.880	-9.789
824.440	0.880	-9.716
824.450	0.880	-9.610
824.460	0.790	-9.391
824.470	0.790	-9.098
824.480	0.790	-8.878
824.490	0.690	-8.445
824.500	0.690	-8.105
824.510	0.690	-8.268
824.520	0.620	-7.756
824.530	0.620	-7.323
824.540	0.620	-6.883
824.550	0.510	-6.210
824.560	0.510	-6.064
824.570	0.510	-5.730
824.580	0.360	-5.051
824.590	0.360	-4.629
824.600	0.360	-4.043
824.610	0.200	-3.133
824.620	0.200	-2.620
824.630	0.200	-2.254
824.640	0.020	-1.815
824.650	0.020	-1.129
824.660	0.020	-0.397
824.670	-0.170	0.262
824.680	-0.170	0.901
824.690	-0.170	1.715
824.700	-0.360	2.228
824.710	-0.360	2.734
824.720	-0.360	3.466
824.730	-0.560	4.332
824.740	-0.560	5.064
824.750	-0.560	5.984
824.760	-0.730	6.563
824.770	-0.730	7.182
824.780	-0.730	8.126
824.790	-0.930	8.622
824.800	-0.930	9.354
824.810	-0.930	10.136
824.820	-1.100	10.735
824.830	-1.100	11.334
824.840	-1.100	11.749
824.850	-1.200	12.075
824.860	-1.200	12.521
824.870	-1.200	13.115
824.880	-1.260	12.996
824.890	-1.260	13.323
824.900	-1.260	13.860
824.910	-1.290	13.704
824.920	-1.290	13.911
824.930	-1.290	13.992
824.940	-1.250	13.837
824.950	-1.250	13.764
824.960	-1.250	13.983
824.970	-1.210	13.769
824.980	-1.210	13.456
824.990	-1.210	13.773
825.000	-1.190	13.196
825.010	-1.190	13.376
825.020	-1.190	13.059
825.030	-1.170	12.844
825.040	-1.170	13.244
825.050	-1.170	12.991
825.060	-1.180	12.925
825.070	-1.180	12.692
825.080	-1.180	13.131
825.090	-1.180	12.374
825.100	-1.180	12.707
825.110	-1.180	12.634
825.120	-1.140	12.732
825.130	-1.140	12.279
825.140	-1.140	12.206
825.150	-1.070	12.018
825.160	-1.070	11.792
825.170	-1.070	11.426
825.180	-0.970	11.133
825.190	-0.970	11.133
825.200	-0.970	10.645
825.210	-0.870	10.405
825.220	-0.870	9.746
825.230	-0.870	9.599
825.240	-0.760	9.073
825.250	-0.760	8.780
825.260	-0.760	8.259
825.270	-0.640	8.193
825.280	-0.640	7.607
825.290	-0.640	7.062
825.300	-0.530	6.485
825.310	-0.530	5.992
825.320	-0.530	5.984
825.330	-0.430	5.651
825.340	-0.430	5.151
825.350	-0.430	4.712
825.360	-0.330	4.354
825.370	-0.330	3.908
825.380	-0.330	3.639
825.390	-0.230	3.432
825.400	-0.230	3.106
825.410	-0.230	2.829
825.420	-0.110	2.178
825.430	-0.110	1.705
825.440	-0.110	1.176
825.450	0.030	0.757
825.460	0.030	0.317
825.470	0.030	-0.146
825.480	0.140	-0.590
825.490	0.140	-1.010
825.500	0.140	-1.376
825.510	0.230	-1.905
825.520	0.230	-2.491
825.530	0.230	-3.069
825.540	0.360	-3.306
825.550	0.360	-3.545
825.560	0.360	-4.050
825.570	0.500	-4.538
825.580	0.500	-4.924
825.590	0.500	-5.518
825.600	0.630	-6.158
825.610	0.630	-6.450
825.620	0.630	-6.678
825.630	0.730	-7.026
825.640	0.730	-7.432
825.650	0.730	-8.295
825.660	0.810	-8.376
825.670	0.810	-8.523
825.680	0.810	-9.239
825.690	0.920	-9.424
825.700	0.920	-9.810
825.710	0.920	-10.176
825.720	1.060	-10.827
825.730	1.060	-11.293
825.740	1.060	-11.586
825.750	1.180	-11.749
825.760	1.180	-12.408
825.770	1.180	-13.067
825.780	1.290	-13.230
825.790	1.290	-13.696
825.800	1.290	-14.136
825.810	1.370	-14.575
825.820	1.370	-14.575
825.830	1.370	-15.063
825.840	1.440	-15.430
825.850	1.440	-15.503
825.860	1.440	-15.869
825.870	1.470	-15.942
825.880	1.470	-16.016
825.890	1.470	-16.341
825.900	1.490	-16.181
825.910	1.490	-16.474
825.920	1.490	-16.556
825.930	1.480	-16.201
825.940	1.480	-16.420
825.950	1.480	-16.347
825.960	1.450	-16.187
825.970	1.450	-16.261
825.980	1.450	-16.106
825.990	1.400	-15.714
826.000	1.400	-15.507
826.010	1.400	-15.141
826.020	1.310	-15.060
826.030	1.310	-14.707
826.040	1.310	-14.650
826.050	1.200	-14.117
826.060	1.200	-13.764
826.070	1.200	-13.105
826.080	1.080	-13.040
826.090	1.080	-12.447
826.100	1.080	-12.195
826.110	0.930	-11.603
826.120	0.930	-10.870
826.130	0.930	-10.683
826.140	0.720	-9.588
826.150	0.720	-9.022
826.160	0.720	-8.184
826.170	0.530	-7.558
826.180	0.530	-6.647
826.190	0.530	-6.061
826.200	0.300	-5.054
826.210	0.300	-4.337
826.220	0.300	-2.473
826.230	0.070	-2.473
826.240	0.070	-1.721
826.250	0.070	-0.215
826.260	-0.150	-0.215
826.270	-0.150	0.477
826.280	-0.150	1.909
826.290	-0.350	1.909
826.300	-0.350	2.702
826.310	-0.350	4.395
826.320	-0.560	4.395
826.330	-0.560	5.273
826.340	-0.560	6.226
826.350	-0.750	6.226
826.360	-0.750	7.104
826.370	-0.750	8.569
826.380	-0.890	8.569
826.390	-0.890	9.009
826.400	-0.890	9.888
826.410	-0.990	9.888
826.420	-0.990	10.474
826.430	-0.990	10.547
826.440	-1.090	11.060
826.450	-1.090	11.572
826.460	-1.090	11.719
826.470	-1.150	11.765
826.480	-1.150	12.058
826.490	-1.150	12.563
826.500	-1.180	12.729
826.510	-1.180	12.632
826.520	-1.180	12.778
826.530	-1.180	13.018
826.540	-1.180	12.652
826.550	-1.180	13.107
826.560	-1.180	12.961
826.570	-1.180	13.354
826.580	-1.180	12.988
826.590	-1.200	13.069
826.600	-1.200	13.122
826.610	-1.200	13.204
826.620	-1.230	13.070
826.630	-1.230	13.050
826.640	-1.230	13.490
826.650	-1.220	12.961
826.660	-1.220	13.254
826.670	-1.220	13.107
826.680	-1.200	13.181
826.690	-1.200	13.034
826.700	-1.200	13.181
826.710	-1.180	13.210
826.720	-1.180	12.831
826.730	-1.180	13.213
826.740	-1.150	12.747
826.750	-1.150	12.967
826.760	-1.150	12.324
826.770	-1.080	12.277
826.780	-1.080	12.131
826.790	-1.080	12.196
826.800	-1.000	11.530
826.810	-1.000	11.224
826.820	-1.000	11.492
826.830	-0.950	10.730
826.840	-0.950	10.830
826.850	-0.950	10.281
826.860	-0.910	10.281
826.870	-0.910	10.141
826.880	-0.910	9.848
826.890	-0.820	9.396
826.900	-0.820	9.183
826.910	-0.820	8.809
826.920	-0.690	8.248
826.930	-0.690	8.114
826.940	-0.690	7.455
826.950	-0.530	7.056
826.960	-0.530	6.490
826.970	-0.530	5.920
826.980	-0.370	5.554
826.990	-0.370	4.841
827.000	-0.370	4.402
827.010	-0.230	3.817
827.020	-0.230	3.232
827.030	-0.230	2.499
827.040	-0.050	1.986
827.050	-0.050	1.507
827.060	-0.050	0.921
827.070	0.130	0.100
827.080	0.130	-0.633
827.090	0.130	-1.259
827.100	0.280	-1.772
827.110	0.280	-2.278
827.120	0.280	-2.937
827.130	0.400	-3.603
827.140	0.400	-4.042
827.150	0.400	-4.466
827.160	0.550	-5.045
827.170	0.550	-5.688
827.180	0.550	-6.055
827.190	0.690	-6.713
827.200	0.690	-7.006
827.210	0.690	-7.462
827.220	0.810	-7.975
827.230	0.810	-8.188
827.240	0.810	-8.993
827.250	0.920	-9.289
827.260	0.920	-9.735
827.270	0.920	-10.061
827.280	1.070	-10.793
827.290	1.070	-10.753
827.300	1.070	-11.559
827.310	1.190	-12.062
827.320	1.190	-12.209
827.330	1.190	-12.957
827.340	1.280	-13.104
827.350	1.280	-13.776
827.360	1.280	-13.996
827.370	1.340	-14.092
827.380	1.340	-14.239
827.390	1.340	-14.922
827.400	1.410	-14.922
827.410	1.410	-15.208
827.420	1.410	-15.672
827.430	1.430	-15.376
827.440	1.430	-15.523
827.450	1.430	-15.523
827.460	1.410	-15.596
827.470	1.410	-15.736
827.480	1.410	-15.671
827.490	1.370	-15.294
827.500	1.370	-15.440
827.510	1.370	-14.976
827.520	1.300	-14.665
827.530	1.300	-14.799
827.540	1.300	-14.408
827.550	1.180	-13.935
827.560	1.180	-13.423
827.570	1.180	-13.105
827.580	1.010	-12.491
827.590	1.010	-11.973
827.600	1.010	-11.314
827.610	0.850	-10.759
827.620	0.850	-9.947
827.630	0.850	-9.377
827.640	0.620	-8.689
827.650	0.620	-7.949
827.660	0.620	-7.217
827.670	0.400	-6.129
827.680	0.400	-5.344
827.690	0.400	-4.611
827.700	0.160	-3.659
827.710	0.160	-2.912
827.720	0.160	-2.106
827.730	-0.110	-0.945
827.740	-0.110	-0.046
827.750	-0.110	1.012
827.760	-0.410	2.037
827.770	-0.410	2.830
827.780	-0.410	3.928
827.790	-0.660	4.889
827.800	-0.660	5.548
827.810	-0.660	6.850
827.820	-0.830	7.496
827.830	-0.830	8.401
827.840	-0.830	9.093
827.850	-0.980	9.493
827.860	-0.980	9.932
827.870	-0.980	10.819
827.880	-1.080	10.799
827.890	-1.080	11.312
827.900	-1.080	11.955
827.910	-1.130	11.836
827.920	-1.130	11.923
827.930	-1.130	12.460
827.940	-1.160	12.467
827.950	-1.160	12.581
827.960	-1.160	12.467
827.970	-1.110	12.252
827.980	-1.110	12.345
827.990	-1.110	12.126
828.000	-1.060	11.776
828.010	-1.060	11.902
828.020	-1.060	12.089
828.030	-1.040	11.579
828.040	-1.040	11.392
828.050	-1.040	11.634
828.060	-1.050	11.634
828.070	-1.050	11.686
828.080	-1.050	11.540
828.090	-1.080	11.700
828.100	-1.080	11.846
828.110	-1.080	11.919
828.120	-1.090	11.646
828.130	-1.090	11.993
828.140	-1.090	12.286
828.150	-1.100	11.872
828.160	-1.100	11.825
828.170	-1.100	11.988
828.180	-1.100	12.108
828.190	-1.100	12.160
828.200	-1.100	12.013
828.210	-1.060	11.747
828.220	-1.060	11.907
828.230	-1.060	11.744
828.240	-1.030	11.371
828.250	-1.030	11.484
828.260	-1.030	11.557
828.270	-1.020	11.330
828.280	-1.020	11.137
828.290	-1.020	11.055
828.300	-0.980	11.035
828.310	-0.980	10.789
828.320	-0.980	10.903
828.330	-0.910	10.185
828.340	-0.910	10.411
828.350	-0.910	10.143
828.360	-0.830	9.850
828.370	-0.830	9.484
828.380	-0.830	9.329
828.390	-0.720	8.560
828.400	-0.720	8.433
828.410	-0.720	8.132
828.420	-0.590	7.459
828.430	-0.590	7.159
828.440	-0.590	6.622
828.450	-0.450	6.045
828.460	-0.450	5.606
828.470	-0.450	4.816
828.480	-0.250	4.298
828.490	-0.250	3.766
828.500	-0.250	2.960
828.510	-0.060	2.309
828.520	-0.060	1.770
828.530	-0.060	0.405
828.540	0.090	0.405
828.550	0.090	-0.402
828.560	0.090	-1.061
828.570	0.240	-1.557
828.580	0.240	-2.056
828.590	0.240	-2.626
828.600	0.400	-3.358
828.610	0.400	-4.017
828.620	0.400	-4.457
828.630	0.550	-4.945
828.640	0.550	-5.558
828.650	0.550	-5.883
828.660	0.700	-6.689
828.670	0.700	-7.251
828.680	0.700	-7.690
828.690	0.850	-8.253
828.700	0.850	-8.399
828.710	0.850	-9.205
828.720	0.950	-9.491
828.730	0.950	-10.224
828.740	0.950	-11.176
828.750	1.040	-11.176
828.760	1.040	-10.883
828.770	1.040	-11.819
828.780	1.110	-11.819
828.790	1.110	-12.078
828.800	1.110	-12.445
828.810	1.190	-12.311
828.820	1.190	-13.124
828.830	1.190	-12.880
828.840	1.260	-13.113
828.850	1.260	-13.275
828.860	1.260	-13.715
828.870	1.280	-13.715
828.880	1.280	-13.861
828.890	1.280	-14.179
828.900	1.290	-14.065
828.910	1.290	-14.280
828.920	1.290	-14.280
828.930	1.280	-14.058
828.940	1.280	-14.264
828.950	1.280	-14.264
828.960	1.240	-14.191
828.970	1.240	-13.898
828.980	1.240	-13.825
828.990	1.170	-13.448
829.000	1.170	-13.374
829.010	1.170	-13.073
829.020	1.100	-12.460
829.030	1.100	-12.633
829.040	1.100	-12.072
829.050	0.960	-11.176
829.060	0.960	-11.071
829.070	0.960	-10.631
829.080	0.810	-10.119
829.090	0.810	-9.666
829.100	0.810	-9.259
829.110	0.670	-8.413
829.120	0.670	-8.147
829.130	0.670	-7.561
829.140	0.510	-6.917
829.150	0.510	-6.478
829.160	0.510	-5.583
829.170	0.300	-4.997
829.180	0.300	-4.338
829.190	0.300	-3.459
829.200	0.080	-2.808
829.210	0.080	-2.262
829.220	0.080	-1.285
829.230	-0.150	-0.406
829.240	-0.150	0.293
829.250	-0.150	1.245
829.260	-0.350	2.089
829.270	-0.350	2.674
829.280	-0.350	3.334
829.290	-0.560	4.359
829.300	-0.560	5.165
829.310	-0.560	5.913
829.320	-0.740	6.668
829.330	-0.740	7.107
829.340	-0.740	8.125
829.350	-0.900	8.464
829.360	-0.900	9.183
829.370	-0.900	9.802
829.380	-1.060	10.548
829.390	-1.060	11.435
829.400	-1.060	11.435
829.410	-1.170	11.538
829.420	-1.170	12.078
829.430	-1.170	12.973
829.440	-1.230	12.721
829.450	-1.230	13.187
829.460	-1.230	13.334
829.470	-1.270	13.608
829.480	-1.270	13.448
829.490	-1.270	13.887
829.500	-1.290	13.952
829.510	-1.290	14.125
829.520	-1.290	14.459
829.530	-1.330	14.296
829.540	-1.330	14.263
829.550	-1.330	14.589
829.560	-1.350	14.662
829.570	-1.350	14.648
829.580	-1.350	15.015
829.590	-1.320	14.602
829.600	-1.320	14.455
829.610	-1.320	14.586
829.620	-1.290	14.179
829.630	-1.290	14.252
829.640	-1.290	14.179
829.650	-1.220	13.720
829.660	-1.220	13.207
829.670	-1.220	13.354
829.680	-1.080	12.548
829.690	-1.080	12.570
829.700	-1.080	12.058
829.710	-0.900	11.488
829.720	-0.900	11.081
829.730	-0.900	10.129
829.740	-0.740	9.570
829.750	-0.740	8.824
829.760	-0.740	8.531
829.770	-0.520	7.432
829.780	-0.520	6.920
829.790	-0.520	5.919
829.800	-0.310	5.100
829.810	-0.310	3.309
829.820	-0.310	2.650
829.830	-0.080	2.037
829.840	-0.080	2.037
829.850	-0.080	0.206
829.860	0.160	-0.672
829.870	0.160	-0.672
829.880	0.160	-1.491
829.890	0.360	-2.281
829.900	0.360	-2.853
829.910	0.360	-3.439
829.920	0.540	-4.305
829.930	0.540	-4.964
829.940	0.540	-5.876
829.950	0.720	-6.681
829.960	0.720	-7.121
829.970	0.720	-7.780
829.980	0.860	-8.113
829.990	0.860	-8.788
830.000	0.860	-9.407
830.010	0.980	-10.139
830.020	0.980	-10.372
830.030	0.980	-11.031
830.040	1.070	-10.906
830.050	1.070	-11.199
830.060	1.070	-11.768
830.070	1.130	-12.061
830.080	1.130	-12.228
830.090	1.130	-12.447
830.100	1.210	-12.921
830.110	1.210	-12.701
830.120	1.210	-13.230
830.130	1.270	-13.104
830.140	1.270	-13.710
830.150	1.270	-14.019
830.160	1.310	-14.048
830.170	1.310	-14.195
830.180	1.310	-14.561
830.190	1.340	-14.495
830.200	1.340	-14.574
830.210	1.340	-14.941
830.220	1.370	-14.778
830.230	1.370	-15.271
830.240	1.370	-15.035
830.250	1.370	-14.872
830.260	1.370	-15.152
830.270	1.370	-14.842
830.280	1.340	-14.842
830.290	1.340	-14.909
830.300	1.340	-14.681
830.310	1.260	-14.535
830.320	1.260	-14.168
830.330	1.260	-13.875
830.340	1.150	-13.505
830.350	1.150	-13.286
830.360	1.150	-12.732
830.370	1.020	-12.675
830.380	1.020	-12.016
830.390	1.020	-11.137
830.400	0.840	-10.619
830.410	0.840	-9.887
830.420	0.840	-9.277
830.430	0.620	-8.178
830.440	0.620	-7.539
830.450	0.620	-6.513
830.460	0.300	-5.522
830.470	0.300	-4.277
830.480	0.300	-3.308
830.490	-0.010	-2.430
830.500	-0.010	-1.344
830.510	-0.010	-0.392
830.520	-0.250	0.363
830.530	-0.250	1.217
830.540	-0.250	2.169
830.550	-0.410	2.975
830.560	-0.410	3.481
830.570	-0.410	3.994
830.580	-0.550	4.696
830.590	-0.550	5.136
830.600	-0.550	5.730
830.610	-0.680	6.389
830.620	-0.680	6.782
830.630	-0.680	7.099
830.640	-0.780	7.505
830.650	-0.780	7.725
830.660	-0.780	8.506
830.670	-0.830	8.799
830.680	-0.830	8.813
830.690	-0.830	9.252
830.700	-0.910	9.371
830.710	-0.910	9.517
830.720	-0.910	9.753
830.730	-0.940	10.119
830.740	-0.940	9.986
830.750	-0.940	10.483
830.760	-0.970	10.061
830.770	-0.970	10.313
830.780	-0.970	10.753
830.790	-0.980	10.646
830.800	-0.980	10.886
830.810	-0.980	10.772
830.820	-1.040	11.268
830.830	-1.040	11.195
830.840	-1.040	11.508
830.850	-1.110	11.271
830.860	-1.110	11.864
830.870	-1.110	12.352
830.880	-1.160	12.032
830.890	-1.160	12.359
830.900	-1.160	12.489
830.910	-1.160	12.763
830.920	-1.160	12.250
830.930	-1.160	12.779
830.940	-1.160	12.599
830.950	-1.160	12.852
830.960	-1.160	12.437
830.970	-1.090	12.023
830.980	-1.090	11.830
830.990	-1.090	11.577
831.000	-0.900	10.941
831.010	-0.900	10.179
831.020	-0.900	9.813
831.030	-0.660	8.918
831.040	-0.660	8.438
831.050	-0.660	7.022
831.060	-0.500	7.022
831.070	-0.500	6.330
831.080	-0.500	5.264
831.090	-0.370	5.264
831.100	-0.370	4.744
831.110	-0.370	3.955
831.120	-0.260	3.955
831.130	-0.260	3.223
831.140	-0.260	2.124
831.150	-0.070	2.124
831.160	-0.070	1.465
831.170	-0.070	-0.293
831.180	0.190	-0.293
831.190	0.190	-1.172
831.200	0.190	-2.490
831.210	0.380	-2.490
831.220	0.380	-3.223
831.230	0.380	-4.468
831.240	0.510	-4.468
831.250	0.510	-4.907
831.260	0.510	-6.079
831.270	0.620	-6.079
831.280	0.620	-6.299
831.290	0.620	-7.178
831.300	0.750	-7.178
831.310	0.750	-7.617
831.320	0.750	-8.423
831.330	0.890	-8.423
831.340	0.890	-9.229
831.350	0.890	-10.034
831.360	1.010	-10.034
831.370	1.010	-10.254
831.380	1.010	-10.767
831.390	1.070	-10.767
831.400	1.070	-11.353
831.410	1.070	-11.865
831.420	1.100	-11.865
831.430	1.100	-11.792
831.440	1.100	-12.231
831.450	1.110	-12.231
831.460	1.110	-12.158
831.470	1.110	-12.012
831.480	1.100	-12.012
831.490	1.100	-12.378
831.500	1.100	-12.085
831.510	1.060	-11.912
831.520	1.060	-11.692
831.530	1.060	-12.205
831.540	1.070	-12.058
831.550	1.070	-12.058
831.560	1.070	-12.058
831.570	1.140	-12.498
831.580	1.140	-12.205
831.590	1.140	-12.514
831.600	1.210	-12.661
831.610	1.210	-13.053
831.620	1.210	-13.013
831.630	1.200	-12.867
831.640	1.200	-13.241
831.650	1.200	-12.948
831.660	1.120	-12.948
831.670	1.120	-12.509
831.680	1.120	-11.980
831.690	1.010	-11.980
831.700	1.010	-11.467
831.710	1.010	-10.775
831.720	0.850	-10.775
831.730	0.850	-10.189
831.740	0.850	-9.009
831.750	0.680	-9.009
831.760	0.680	-8.276
831.770	0.680	-7.031
831.780	0.510	-7.031
831.790	0.510	-6.445
831.800	0.510	-5.200
831.810	0.320	-5.200
831.820	0.320	-4.468
831.830	0.320	-2.930
831.840	0.120	-2.930
831.850	0.120	-2.417
831.860	0.120	-1.245
831.870	-0.030	-1.245
831.880	-0.030	-0.513
831.890	-0.030	1.172
831.900	-0.240	1.172
831.910	-0.240	1.791
831.920	-0.240	2.304
831.930	-0.480	3.109
831.940	-0.480	4.135
831.950	-0.480	5.030
831.960	-0.720	6.022
831.970	-0.720	6.681
831.980	-0.720	7.682
831.990	-0.950	8.375
832.000	-0.950	9.107
832.010	-0.950	9.928
832.020	-1.130	10.887
832.030	-1.130	11.473
832.040	-1.130	12.157
832.050	-1.300	12.793
832.060	-1.300	13.192
832.070	-1.300	14.104
832.080	-1.460	14.548
832.090	-1.460	15.100
832.100	-1.460	15.572
832.110	-1.570	16.216
832.120	-1.570	16.649
832.130	-1.570	17.202
832.140	-1.660	17.291
832.150	-1.660	17.444
832.160	-1.660	18.258
832.170	-1.710	18.199
832.180	-1.710	18.072
832.190	-1.710	18.504
832.200	-1.670	18.311
832.210	-1.670	18.132
832.220	-1.670	17.765
832.230	-1.500	17.358
832.240	-1.500	17.025
832.250	-1.500	16.887
832.260	-1.360	16.073
832.270	-1.360	15.514
832.280	-1.360	15.441
832.290	-1.270	14.717
832.300	-1.270	14.144
832.310	-1.270	13.599
832.320	-1.120	13.266
832.330	-1.120	12.900
832.340	-1.120	12.655
832.350	-0.980	11.908
832.360	-0.980	11.688
832.370	-0.980	11.656
832.380	-0.970	11.256
832.390	-0.970	10.670
832.400	-0.970	10.947
832.410	-0.960	10.673
832.420	-0.960	10.274
832.430	-0.960	10.233
832.440	-0.770	9.545
832.450	-0.770	9.259
832.460	-0.770	8.990
832.470	-0.620	8.384
832.480	-0.620	7.831
832.490	-0.620	7.465
832.500	-0.520	6.822
832.510	-0.520	6.396
832.520	-0.520	6.030
832.530	-0.430	5.338
832.540	-0.430	5.171
832.550	-0.430	5.228
832.560	-0.420	4.851
832.570	-0.420	4.831
832.580	-0.420	4.725
832.590	-0.420	4.619
832.600	-0.420	4.252
832.610	-0.420	4.301
832.620	-0.330	4.201
832.630	-0.330	3.982
832.640	-0.330	3.778
832.650	-0.190	3.275
832.660	-0.190	2.676
832.670	-0.190	2.163
832.680	-0.040	1.756
832.690	-0.040	1.277
832.700	-0.040	0.764
832.710	0.120	-0.090
832.720	0.120	-0.723
832.730	0.120	-1.358
832.740	0.300	-1.920
832.750	0.300	-2.499
832.760	0.300	-3.394
832.770	0.480	-3.994
832.780	0.480	-4.506
832.790	0.480	-5.174
832.800	0.690	-5.819
832.810	0.690	-6.186
832.820	0.690	-7.040
832.830	0.760	-7.351
832.840	0.760	-7.757
832.850	0.760	-8.465
832.860	0.850	-8.435
832.870	0.850	-9.155
832.880	0.850	-9.618
832.890	0.940	-9.937
832.900	0.940	-10.243
832.910	0.940	-11.138
832.920	1.100	-11.089
832.930	1.100	-11.828
832.940	1.100	-12.561
832.950	1.250	-12.472
832.960	1.250	-13.218
832.970	1.250	-14.015
832.980	1.360	-14.015
832.990	1.360	-14.568
833.000	1.360	-14.844
833.010	1.440	-14.844
833.020	1.440	-15.284
833.030	1.440	-15.357
833.040	1.430	-15.284
833.050	1.430	-15.910
833.060	1.430	-16.203
833.070	1.460	-15.907
833.080	1.460	-16.200
833.090	1.460	-16.794
833.100	1.630	-16.914
833.110	1.630	-17.500
833.120	1.630	-17.500
833.130	1.750	-17.939
833.140	1.750	-18.379
833.150	1.750	-18.737
833.160	1.740	-18.697
833.170	1.740	-18.757
833.180	1.740	-18.871
833.190	1.590	-18.257
833.200	1.590	-17.770
833.210	1.590	-17.429
833.220	1.370	-17.282
833.230	1.370	-16.330
833.240	1.370	-15.891
833.250	1.210	-14.840
833.260	1.210	-14.367
833.270	1.210	-14.034
833.280	1.110	-13.294
833.290	1.110	-12.581
833.300	1.110	-12.720
833.310	0.960	-11.743
833.320	0.960	-10.937
833.330	0.960	-10.897
833.340	0.800	-10.098
833.350	0.800	-9.684
833.360	0.800	-9.024
833.370	0.630	-7.778
833.380	0.630	-7.119
833.390	0.630	-5.956
833.400	0.410	-5.370
833.410	0.410	-4.784
833.420	0.410	-3.726
833.430	0.160	-3.726
833.440	0.160	-2.987
833.450	0.160	-1.310
833.460	-0.080	-1.310
833.470	-0.080	-0.439
833.480	-0.080	0.806
833.490	-0.280	0.806
833.500	-0.280	1.538
833.510	-0.280	2.271
833.520	-0.380	2.783
833.530	-0.380	3.223
833.540	-0.380	3.662
833.550	-0.450	4.115
833.560	-0.450	4.481
833.570	-0.450	4.701
833.580	-0.530	5.067
833.590	-0.530	5.759
833.600	-0.530	6.052
833.610	-0.670	6.265
833.620	-0.670	6.851
833.630	-0.670	7.144
833.640	-0.840	8.023
833.650	-0.840	8.376
833.660	-0.840	9.328
833.670	-1.020	9.754
833.680	-1.020	10.633
833.690	-1.020	11.121
833.700	-1.200	11.580
833.710	-1.200	12.319
833.720	-1.200	12.840
833.730	-1.320	13.506
833.740	-1.320	13.653
833.750	-1.320	14.409
833.760	-1.400	14.476
833.770	-1.400	15.149
833.780	-1.400	15.319
833.790	-1.450	15.238
833.800	-1.450	15.438
833.810	-1.450	15.438
833.820	-1.420	15.503
833.830	-1.420	15.423
833.840	-1.420	15.513
833.850	-1.330	15.135
833.860	-1.330	14.629
833.870	-1.330	14.800
833.880	-1.230	14.290
833.890	-1.230	14.143
833.900	-1.230	13.818
833.910	-1.160	13.478
833.920	-1.160	13.169
833.930	-1.160	12.876
833.940	-1.050	11.981
833.950	-1.050	11.821
833.960	-1.050	11.601
833.970	-0.860	10.625
833.980	-0.860	10.403
833.990	-0.860	8.897
834.000	-0.660	8.897
834.010	-0.660	8.364
834.020	-0.660	7.876
834.030	-0.560	7.383
834.040	-0.560	6.781
834.050	-0.560	6.781
834.060	-0.560	6.508
834.070	-0.560	6.215
834.080	-0.560	5.678
834.090	-0.550	5.751
834.100	-0.550	5.971
834.110	-0.550	5.875
834.120	-0.480	5.461
834.130	-0.480	5.367
834.140	-0.480	5.367
834.150	-0.410	5.034
834.160	-0.410	4.722
834.170	-0.410	4.526
834.180	-0.270	4.220
834.190	-0.270	3.707
834.200	-0.270	3.048
834.210	-0.100	2.478
834.220	-0.100	1.932
834.230	-0.100	1.249
834.240	0.120	0.280
834.250	0.120	-0.779
834.260	0.120	-1.650
834.270	0.430	-2.427
834.280	0.430	-3.292
834.290	0.430	-4.261
834.300	0.580	-4.793
834.310	0.580	-5.379
834.320	0.580	-6.291
834.330	0.690	-6.779
834.340	0.690	-7.405
834.350	0.690	-7.885
834.360	0.850	-8.033
834.370	0.850	-8.745
834.380	0.850	-9.112
834.390	0.990	-9.535
834.400	0.990	-9.808
834.410	0.990	-10.467
834.420	1.040	-10.508
834.430	1.040	-11.167
834.440	1.040	-11.199
834.450	1.080	-11.392
834.460	1.080	-11.838
834.470	1.080	-12.139
834.480	1.150	-12.106
834.490	1.150	-12.106
834.500	1.150	-13.009
834.510	1.210	-12.829
834.520	1.210	-13.195
834.530	1.210	-13.431
834.540	1.250	-13.705
834.550	1.250	-13.692
834.560	1.250	-13.912
834.570	1.290	-13.897
834.580	1.290	-14.077
834.590	1.290	-14.386
834.600	1.310	-14.208
834.610	1.310	-14.242
834.620	1.310	-14.404
834.630	1.260	-13.975
834.640	1.260	-14.108
834.650	1.260	-14.108
834.660	1.190	-13.889
834.670	1.190	-13.822
834.680	1.190	-13.602
834.690	1.140	-13.240
834.700	1.140	-12.929
834.710	1.140	-13.295
834.720	1.150	-12.693
834.730	1.150	-12.959
834.740	1.150	-12.740
834.750	1.140	-12.740
834.760	1.140	-12.447
834.770	1.140	-12.300
834.780	1.100	-12.300
834.790	1.100	-12.280
834.800	1.100	-11.499
834.810	0.980	-11.499
834.820	0.980	-11.426
834.830	0.980	-10.693
834.840	0.870	-10.693
834.850	0.870	-10.107
834.860	0.870	-9.814
834.870	0.840	-9.814
834.880	0.840	-9.814
834.890	0.840	-9.448
834.900	0.830	-9.448
834.910	0.830	-9.448
834.920	0.830	-9.375
834.930	0.850	-9.375
834.940	0.850	-9.448
834.950	0.850	-9.521
834.960	0.890	-9.521
834.970	0.890	-9.595
834.980	0.890	-9.668
834.990	0.890	-9.668
835.000	0.890	-9.814
835.010	0.890	-9.741
835.020	0.870	-9.741
835.030	0.870	-9.595
835.040	0.870	-9.302
835.050	0.800	-9.302
835.060	0.800	-9.009
835.070	0.800	-8.057
835.080	0.660	-8.057
835.090	0.660	-7.764
835.100	0.660	-7.484
835.110	0.480	-6.825
835.120	0.480	-6.166
835.130	0.480	-5.230
835.140	0.260	-4.637
835.150	0.260	-3.978
835.160	0.260	-3.099
835.170	-0.030	-2.380
835.180	-0.030	-1.574
835.190	-0.030	-0.736
835.200	-0.210	0.396
835.210	-0.210	1.348
835.220	-0.210	2.137
835.230	-0.440	2.833
835.240	-0.440	3.778
835.250	-0.440	4.511
835.260	-0.640	5.110
835.270	-0.640	6.075
835.280	-0.640	6.832
835.290	-0.810	7.505
835.300	-0.810	7.925
835.310	-0.810	8.316
835.320	-0.930	8.944
835.330	-0.930	9.437
835.340	-0.930	9.860
835.350	-1.010	9.927
835.360	-1.010	10.646
835.370	-1.010	10.768
835.380	-1.030	10.990
835.390	-1.030	10.870
835.400	-1.030	11.163
835.410	-1.020	11.285
835.420	-1.020	11.259
835.430	-1.020	11.291
835.440	-1.020	11.054
835.450	-1.020	11.354
835.460	-1.020	11.338
835.470	-1.010	11.049
835.480	-1.010	10.803
835.490	-1.010	11.307
835.500	-0.980	10.928
835.510	-0.980	11.001
835.520	-0.980	10.643
835.530	-0.950	10.717
835.540	-0.950	10.677
835.550	-0.950	10.750
835.560	-0.960	10.474
835.570	-0.960	10.567
835.580	-0.960	10.787
835.590	-1.000	10.502
835.600	-1.000	10.735
835.610	-1.000	10.539
835.620	-1.020	10.991
835.630	-1.020	11.218
835.640	-1.020	10.925
835.650	-1.010	10.925
835.660	-1.010	11.291
835.670	-1.010	11.364
835.680	-1.020	11.364
835.690	-1.020	11.145
835.700	-1.020	11.560
835.710	-1.060	11.560
835.720	-1.060	11.686
835.730	-1.060	11.719
835.740	-1.110	11.719
835.750	-1.110	12.012
835.760	-1.110	12.085
835.770	-1.150	12.085
835.780	-1.150	12.231
835.790	-1.150	12.684
835.800	-1.180	12.391
835.810	-1.180	12.757
835.820	-1.180	12.749
835.830	-1.210	13.129
835.840	-1.210	12.689
835.850	-1.210	13.308
835.860	-1.240	13.321
835.870	-1.240	13.394
835.880	-1.240	13.639
835.890	-1.250	13.439
835.900	-1.250	13.732
835.910	-1.250	13.488
835.920	-1.240	13.502
835.930	-1.240	13.636
835.940	-1.240	13.831
835.950	-1.230	13.439
835.960	-1.230	13.279
835.970	-1.230	13.653
835.980	-1.210	12.943
835.990	-1.210	13.276
836.000	-1.210	13.382
836.010	-1.200	13.382
836.020	-1.200	13.302
836.030	-1.200	13.107
836.040	-1.150	13.107
836.050	-1.150	12.661
836.060	-1.150	12.213
836.070	-1.050	12.213
836.080	-1.050	12.313
836.090	-1.050	11.714
836.100	-0.910	10.900
836.110	-0.910	10.827
836.120	-0.910	10.322
836.130	-0.790	9.816
836.140	-0.790	9.376
836.150	-0.790	9.075
836.160	-0.690	8.296
836.170	-0.690	7.857
836.180	-0.690	7.572
836.190	-0.570	7.173
836.200	-0.570	6.733
836.210	-0.570	5.960
836.220	-0.370	5.413
836.230	-0.370	4.966
836.240	-0.370	4.250
836.250	-0.180	3.599
836.260	-0.180	3.133
836.270	-0.180	2.474
836.280	0.030	1.440
836.290	0.030	0.681
836.300	0.030	0.169
836.310	0.200	-0.523
836.320	0.200	-1.156
836.330	0.200	-2.026
836.340	0.370	-2.788
836.350	0.370	-3.301
836.360	0.370	-3.871
836.370	0.530	-4.597
836.380	0.530	-5.109
836.390	0.530	-5.711
836.400	0.700	-6.557
836.410	0.700	-6.996
836.420	0.700	-7.688
836.430	0.870	-8.103
836.440	0.870	-8.675
836.450	0.870	-9.334
836.460	0.990	-9.717
836.470	0.990	-10.236
836.480	0.990	-10.806
836.490	1.050	-11.043
836.500	1.050	-11.076
836.510	1.050	-11.662
836.520	1.110	-12.142
836.530	1.110	-12.029
836.540	1.110	-12.403
836.550	1.180	-12.363
836.560	1.180	-12.876
836.570	1.180	-12.778
836.580	1.200	-12.808
836.590	1.200	-13.067
836.600	1.200	-13.271
836.610	1.180	-13.011
836.620	1.180	-12.645
836.630	1.180	-13.239
836.640	1.140	-12.692
836.650	1.140	-12.805
836.660	1.140	-12.512
836.670	1.090	-12.756
836.680	1.090	-12.303
836.690	1.090	-12.376
836.700	1.090	-12.073
836.710	1.090	-12.333
836.720	1.090	-12.040
836.730	1.080	-11.812
836.740	1.080	-11.839
836.750	1.080	-11.985
836.760	1.030	-11.692
836.770	1.030	-11.326
836.780	1.030	-11.505
836.790	0.970	-11.105
836.800	0.970	-11.132
836.810	0.970	-10.636
836.820	0.920	-10.929
836.830	0.920	-10.489
836.840	0.920	-10.709
836.850	0.900	-10.050
836.860	0.900	-9.976
836.870	0.900	-10.099
836.880	0.870	-9.846
836.890	0.870	-9.953
836.900	0.870	-9.660
836.910	0.830	-9.497
836.920	0.830	-9.424
836.930	0.830	-9.521
836.940	0.830	-9.448
836.950	0.830	-9.521
836.960	0.830	-9.521
836.970	0.870	-9.300
836.980	0.870	-9.373
836.990	0.870	-9.503
837.000	0.860	-9.503
837.010	0.860	-9.576
837.020	0.860	-9.576
837.030	0.830	-9.399
837.040	0.830	-9.325
837.050	0.830	-9.334
837.060	0.800	-9.194
837.070	0.800	-9.253
837.080	0.800	-9.180
837.090	0.790	-8.810
837.100	0.790	-9.135
837.110	0.790	-8.989
837.120	0.800	-8.889
837.130	0.800	-8.969
837.140	0.800	-8.928
837.150	0.830	-9.113
837.160	0.830	-9.180
837.170	0.830	-9.147
837.180	0.860	-9.294
837.190	0.860	-9.314
837.200	0.860	-9.395
837.210	0.850	-9.402
837.220	0.850	-9.502
837.230	0.850	-9.599
837.240	0.840	-9.473
837.250	0.840	-9.427
837.260	0.840	-9.427
837.270	0.830	-9.334
837.280	0.830	-9.187
837.290	0.830	-9.293
837.300	0.810	-9.152
837.310	0.810	-9.072
837.320	0.810	-8.869
837.330	0.780	-8.758
837.340	0.780	-8.558
837.350	0.780	-8.583
837.360	0.720	-8.583
837.370	0.720	-8.090
837.380	0.720	-7.773
837.390	0.590	-7.247
837.400	0.590	-6.761
837.410	0.590	-6.582
837.420	0.410	-5.953
837.430	0.410	-5.234
837.440	0.410	-4.665
837.450	0.210	-3.821
837.460	0.210	-3.089
837.470	0.210	-2.487
837.480	-0.010	-1.865
837.490	-0.010	-1.007
837.500	-0.010	1.085
837.510	-0.320	1.085
837.520	-0.320	2.010
837.530	-0.320	4.004
837.540	-0.660	4.004
837.550	-0.660	5.236
837.560	-0.660	7.417
837.570	-0.940	7.417
837.580	-0.940	8.748
837.590	-0.940	9.668
837.600	-1.190	10.693
837.610	-1.190	11.279
837.620	-1.190	12.492
837.630	-1.390	13.590
837.640	-1.390	14.176
837.650	-1.390	15.129
837.660	-1.510	15.129
837.670	-1.510	15.861
837.680	-1.510	16.593
837.690	-1.600	16.593
837.700	-1.600	17.106
837.710	-1.600	17.651
837.720	-1.670	17.651
837.730	-1.670	17.765
837.740	-1.670	17.870
837.750	-1.690	18.123
837.760	-1.690	18.270
837.770	-1.690	18.555
837.780	-1.700	18.375
837.790	-1.700	18.521
837.800	-1.700	18.741
837.810	-1.710	18.708
837.820	-1.710	18.708
837.830	-1.710	19.107
837.840	-1.720	18.782
837.850	-1.720	18.968
837.860	-1.720	19.090
837.870	-1.710	18.772
837.880	-1.710	18.732
837.890	-1.710	18.830
837.900	-1.630	18.364
837.910	-1.630	18.251
837.920	-1.630	17.730
837.930	-1.520	17.264
837.940	-1.520	17.410
837.950	-1.520	16.661
837.960	-1.420	16.306
837.970	-1.420	15.900
837.980	-1.420	15.282
837.990	-1.250	14.705
838.000	-1.250	14.145
838.010	-1.250	13.486
838.020	-1.030	13.055
838.030	-1.030	11.983
838.040	-1.030	11.429
838.050	-0.820	10.933
838.060	-0.820	9.921
838.070	-0.820	9.262
838.080	-0.660	8.722
838.090	-0.660	7.956
838.100	-0.660	7.028
838.110	-0.440	6.149
838.120	-0.440	5.344
838.130	-0.440	4.685
838.140	-0.130	3.627
838.150	-0.130	2.674
838.160	-0.130	1.926
838.170	0.140	0.974
838.180	0.140	0.008
838.190	0.140	-0.871
838.200	0.360	-1.714
838.210	0.360	-2.373
838.220	0.360	-3.252
838.230	0.560	-4.204
838.240	0.560	-4.937
838.250	0.560	-5.523
838.260	0.730	-6.425
838.270	0.730	-7.158
838.280	0.730	-8.256
838.290	0.920	-8.609
838.300	0.920	-9.393
838.310	0.920	-10.053
838.320	1.100	-10.719
838.330	1.100	-10.938
838.340	1.100	-11.996
838.350	1.250	-12.862
838.360	1.250	-13.099
838.370	1.250	-13.904
838.380	1.430	-14.171
838.390	1.430	-14.916
838.400	1.430	-15.567
838.410	1.600	-16.060
838.420	1.600	-17.657
838.430	1.600	-17.657
838.440	1.710	-17.597
838.450	1.710	-18.050
838.460	1.710	-18.506
838.470	1.800	-18.872
838.480	1.800	-19.265
838.490	1.800	-19.932
838.500	1.830	-20.095
838.510	1.830	-20.335
838.520	1.830	-20.343
838.530	1.870	-20.090
838.540	1.870	-20.483
838.550	1.870	-20.629
838.560	1.870	-20.736
838.570	1.870	-20.736
838.580	1.870	-20.809
838.590	1.830	-20.528
838.600	1.830	-19.869
838.610	1.830	-20.080
838.620	1.730	-19.754
838.630	1.730	-19.714
838.640	1.730	-19.421
838.650	1.600	-18.615
838.660	1.600	-18.362
838.670	1.600	-18.110
838.680	1.430	-17.045
838.690	1.430	-16.439
838.700	1.430	-16.284
838.710	1.220	-15.433
838.720	1.220	-14.441
838.730	1.220	-13.986
838.740	1.020	-12.954
838.750	1.020	-12.368
838.760	1.020	-10.409
838.770	0.780	-10.409
838.780	0.780	-9.765
838.790	0.780	-8.886
838.800	0.540	-7.969
838.810	0.540	-6.923
838.820	0.540	-6.280
838.830	0.220	-4.978
838.840	0.220	-4.046
838.850	0.220	-2.996
838.860	-0.110	-1.472
838.870	-0.110	-0.518
838.880	-0.110	0.410
838.890	-0.410	1.389
838.900	-0.410	2.734
838.910	-0.410	3.930
838.920	-0.680	4.825
838.930	-0.680	6.046
838.940	-0.680	6.718
838.950	-0.900	7.673
838.960	-0.900	8.305
838.970	-0.900	9.363
838.980	-1.040	9.876
838.990	-1.040	10.808
839.000	-1.040	11.313
839.010	-1.170	11.728
839.020	-1.170	12.167
839.030	-1.170	12.484
839.040	-1.280	13.210
839.050	-1.280	13.981
839.060	-1.280	14.046
839.070	-1.360	14.412
839.080	-1.360	14.412
839.090	-1.360	15.146
839.100	-1.430	15.146
839.110	-1.430	15.732
839.120	-1.430	15.792
839.130	-1.490	15.792
839.140	-1.490	15.970
839.150	-1.490	16.344
839.160	-1.550	16.324
839.170	-1.550	16.544
839.180	-1.550	17.260
839.190	-1.620	16.900
839.200	-1.620	17.259
839.210	-1.620	17.844
839.220	-1.660	17.884
839.230	-1.660	18.044
839.240	-1.660	18.044
839.250	-1.680	18.151
839.260	-1.680	18.521
839.270	-1.680	17.951
839.280	-1.640	17.951
839.290	-1.640	18.164
839.300	-1.640	17.220
839.310	-1.490	17.220
839.320	-1.490	16.887
839.330	-1.490	16.204
839.340	-1.340	16.204
839.350	-1.340	15.804
839.360	-1.340	14.722
839.370	-1.250	14.722
839.380	-1.250	14.502
839.390	-1.250	13.989
839.400	-1.250	13.989
839.410	-1.250	13.696
839.420	-1.250	13.184
839.430	-1.200	13.184
839.440	-1.200	13.110
839.450	-1.200	12.671
839.460	-1.080	12.777
839.470	-1.080	11.972
839.480	-1.080	11.386
839.490	-0.920	11.166
839.500	-0.920	10.588
839.510	-0.920	10.009
839.520	-0.750	9.350
839.530	-0.750	8.959
839.540	-0.750	7.934
839.550	-0.530	7.175
839.560	-0.530	6.409
839.570	-0.530	5.929
839.580	-0.300	5.323
839.590	-0.300	4.306
839.600	-0.300	3.492
839.610	-0.050	2.693
839.620	-0.050	1.668
839.630	-0.050	0.854
839.640	0.180	0.155
839.650	0.180	-0.437
839.660	0.180	-1.170
839.670	0.390	-1.961
839.680	0.390	-2.967
839.690	0.390	-3.780
839.700	0.550	-4.440
839.710	0.550	-5.305
839.720	0.550	-5.745
839.730	0.730	-6.314
839.740	0.730	-7.080
839.750	0.730	-7.780
839.760	0.890	-8.612
839.770	0.890	-9.025
839.780	0.890	-9.684
839.790	1.040	-10.017
839.800	1.040	-10.904
839.810	1.040	-11.004
839.820	1.170	-11.737
839.830	1.170	-12.379
839.840	1.170	-13.096
839.850	1.270	-13.096
839.860	1.270	-13.435
839.870	1.270	-13.948
839.880	1.360	-14.014
839.890	1.360	-14.634
839.900	1.360	-14.634
839.910	1.430	-15.133
839.920	1.430	-15.353
839.930	1.430	-15.442
839.940	1.490	-15.738
839.950	1.490	-16.316
839.960	1.490	-16.243
839.970	1.550	-16.516
839.980	1.550	-17.019
839.990	1.550	-17.239
840.000	1.600	-17.523
840.010	1.600	-17.463
840.020	1.600	-17.537
840.030	1.600	-17.707
840.040	1.600	-17.574
840.050	1.600	-17.411
840.060	1.550	-17.777
840.070	1.550	-17.577
840.080	1.550	-17.081
840.090	1.470	-16.708
840.100	1.470	-16.586
840.110	1.470	-16.586
840.120	1.400	-16.440
840.130	1.400	-16.033
840.140	1.400	-15.960
840.150	1.350	-15.472
840.160	1.350	-14.943
840.170	1.350	-14.943
840.180	1.270	-14.943
840.190	1.270	-14.437
840.200	1.270	-13.534
840.210	1.150	-13.534
840.220	1.150	-13.241
840.230	1.150	-12.288
840.240	1.020	-12.288
840.250	1.020	-11.849
840.260	1.020	-10.986
840.270	0.860	-10.986
840.280	0.860	-10.107
840.290	0.860	-8.716
840.300	0.650	-8.716
840.310	0.650	-8.276
840.320	0.650	-6.812
840.330	0.440	-6.812
840.340	0.440	-6.152
840.350	0.440	-4.541
840.360	0.250	-4.541
840.370	0.250	-3.516
840.380	0.250	-2.197
840.390	-0.040	-2.197
840.400	-0.040	-1.465
840.410	-0.040	0.513
840.420	-0.260	0.513
840.430	-0.260	1.538
840.440	-0.260	3.076
840.450	-0.520	3.076
840.460	-0.520	4.248
840.470	-0.520	6.372
840.480	-0.770	6.372
840.490	-0.770	7.104
840.500	-0.770	9.009
840.510	-1.020	9.009
840.520	-1.020	9.961
840.530	-1.020	11.572
840.540	-1.250	11.572
840.550	-1.250	12.598
840.560	-1.250	12.964
840.570	-1.410	13.743
840.580	-1.410	14.256
840.590	-1.410	15.012
840.600	-1.560	15.572
840.610	-1.560	16.296
840.620	-1.560	16.809
840.630	-1.680	17.574
840.640	-1.680	17.574
840.650	-1.680	18.405
840.660	-1.810	18.917
840.670	-1.810	19.383
840.680	-1.810	20.384
840.690	-1.920	20.384
840.700	-1.920	20.777
840.710	-1.920	21.151
840.720	-1.990	21.151
840.730	-1.990	21.484
840.740	-1.990	21.533
840.750	-1.980	21.753
840.760	-1.980	21.753
840.770	-1.980	21.533
840.780	-1.920	21.167
840.790	-1.920	21.167
840.800	-1.920	20.801
840.810	-1.840	20.801
840.820	-1.840	20.435
840.830	-1.840	19.629
840.840	-1.730	19.629
840.850	-1.730	19.556
840.860	-1.730	18.677
840.870	-1.630	18.677
840.880	-1.630	18.311
840.890	-1.630	17.139
840.900	-1.510	17.139
840.910	-1.510	16.846
840.920	-1.510	16.406
840.930	-1.310	15.527
840.940	-1.310	14.868
840.950	-1.310	13.257
840.960	-1.050	13.257
840.970	-1.050	13.037
840.980	-1.050	10.840
840.990	-0.830	10.840
841.000	-0.830	10.620
841.010	-0.830	8.716
841.020	-0.660	8.716
841.030	-0.660	8.203
841.040	-0.660	6.592
841.050	-0.420	6.592
841.060	-0.420	5.713
841.070	-0.420	4.614
841.080	-0.080	3.882
841.090	-0.080	2.930
841.100	-0.080	1.571
841.110	0.180	0.618
841.120	0.180	-0.480
841.130	0.180	-1.432
841.140	0.420	-2.604
841.150	0.420	-3.556
841.160	0.420	-4.362
841.170	0.640	-5.241
841.180	0.640	-6.266
841.190	0.640	-7.072
841.200	0.870	-7.864
841.210	0.870	-8.303
841.220	0.870	-9.418
841.230	1.100	-10.297
841.240	1.100	-10.883
841.250	1.100	-11.615
841.260	1.270	-12.281
841.270	1.270	-13.013
841.280	1.270	-14.291
841.290	1.440	-14.291
841.300	1.440	-14.777
841.310	1.440	-16.226
841.320	1.600	-16.226
841.330	1.600	-16.665
841.340	1.600	-17.691
841.350	1.740	-17.691
841.360	1.740	-18.490
841.370	1.740	-19.336
841.380	1.880	-19.336
841.390	1.880	-19.995
841.400	1.880	-20.947
841.410	1.970	-20.947
841.420	1.970	-21.021
841.430	1.970	-21.899
841.440	2.040	-21.899
841.450	2.040	-22.485
841.460	2.040	-22.705
841.470	2.080	-22.705
841.480	2.080	-22.778
841.490	2.080	-22.925
841.500	2.100	-22.925
841.510	2.100	-22.998
841.520	2.100	-23.071
841.530	2.080	-23.071
841.540	2.080	-22.805
841.550	2.080	-22.838
841.560	2.020	-22.578
841.570	2.020	-22.431
841.580	2.020	-22.431
841.590	1.960	-21.865
841.600	1.960	-21.865
841.610	1.960	-21.499
841.620	1.870	-21.572
841.630	1.870	-20.694
841.640	1.870	-20.594
841.650	1.730	-19.829
841.660	1.730	-19.795
841.670	1.730	-19.478
841.680	1.540	-18.479
841.690	1.540	-18.020
841.700	1.540	-17.515
841.710	1.350	-16.730
841.720	1.350	-15.704
841.730	1.350	-15.338
841.740	1.140	-14.825
841.750	1.140	-13.946
841.760	1.140	-12.929
841.770	0.920	-11.908
841.780	0.920	-11.442
841.790	0.920	-10.636
841.800	0.700	-9.823
841.810	0.700	-8.997
841.820	0.700	-8.151
841.830	0.470	-7.172
841.840	0.470	-6.000
841.850	0.470	-5.202
841.860	0.200	-4.389
841.870	0.200	-3.456
841.880	0.200	-2.561
841.890	-0.080	-1.629
841.900	-0.080	-0.604
841.910	-0.080	0.324
841.920	-0.350	1.382
841.930	-0.350	2.307
841.940	-0.350	3.186
841.950	-0.590	4.133
841.960	-0.590	4.866
841.970	-0.590	5.680
841.980	-0.790	6.649
841.990	-0.790	7.401
842.000	-0.790	8.492
842.010	-0.950	8.869
842.020	-0.950	9.455
842.030	-0.950	10.098
842.040	-1.100	10.697
842.050	-1.100	10.784
842.060	-1.100	11.923
842.070	-1.220	12.507
842.080	-1.220	12.621
842.090	-1.220	13.622
842.100	-1.340	13.703
842.110	-1.340	14.156
842.120	-1.340	14.953
842.130	-1.490	15.382
842.140	-1.490	15.589
842.150	-1.490	16.834
842.160	-1.640	16.693
842.170	-1.640	17.273
842.180	-1.640	18.151
842.190	-1.780	18.249
842.200	-1.780	18.835
842.210	-1.780	19.779
842.220	-1.910	19.779
842.230	-1.910	20.172
842.240	-1.910	20.978
842.250	-2.030	20.978
842.260	-2.030	21.663
842.270	-2.030	22.249
842.280	-2.110	22.249
842.290	-2.110	22.469
842.300	-2.110	23.218
842.310	-2.160	23.218
842.320	-2.160	23.437
842.330	-2.160	23.511
842.340	-2.180	23.564
842.350	-2.180	23.564
842.360	-2.180	23.564
842.370	-2.150	23.418
842.380	-2.150	23.686
842.390	-2.150	23.466
842.400	-2.050	23.107
842.410	-2.050	22.667
842.420	-2.050	22.464
842.430	-1.880	22.131
842.440	-1.880	21.524
842.450	-1.880	21.231
842.460	-1.720	20.412
842.470	-1.720	20.119
842.480	-1.720	19.306
842.490	-1.590	18.520
842.500	-1.590	18.261
842.510	-1.590	17.602
842.520	-1.350	16.440
842.530	-1.350	15.382
842.540	-1.350	14.893
842.550	-1.030	13.655
842.560	-1.030	12.789
842.570	-1.030	11.691
842.580	-0.630	10.152
842.590	-0.630	9.180
842.600	-0.630	7.471
842.610	-0.290	6.292
842.620	-0.290	5.094
842.630	-0.290	4.288
842.640	-0.040	2.919
842.650	-0.040	2.107
842.660	-0.040	-0.041
842.670	0.190	-0.041
842.680	0.190	-1.034
842.690	0.190	-2.661
842.700	0.440	-2.661
842.710	0.440	-3.607
842.720	0.440	-5.145
842.730	0.680	-5.145
842.740	0.680	-6.177
842.750	0.680	-8.077
842.760	0.970	-8.077
842.770	0.970	-8.695
842.780	0.970	-9.354
842.790	1.080	-9.967
842.800	1.080	-10.846
842.810	1.080	-11.188
842.820	1.200	-11.773
842.830	1.200	-12.652
842.840	1.200	-12.872
842.850	1.310	-13.445
842.860	1.310	-13.864
842.870	1.310	-14.353
842.880	1.440	-14.792
842.890	1.440	-15.571
842.900	1.440	-15.644
842.910	1.600	-16.221
842.920	1.600	-16.588
842.930	1.600	-17.165
842.940	1.690	-17.971
842.950	1.690	-18.131
842.960	1.690	-18.570
842.970	1.800	-18.822
842.980	1.800	-19.115
842.990	1.800	-19.497
843.000	1.860	-20.083
843.010	1.860	-20.556
843.020	1.860	-20.776
843.030	1.940	-20.790
843.040	1.940	-20.717
843.050	1.940	-21.564
843.060	1.970	-21.490
843.070	1.970	-21.963
843.080	1.970	-21.963
843.090	2.020	-21.933
843.100	2.020	-21.787
843.110	2.020	-22.039
843.120	2.030	-22.186
843.130	2.030	-22.326
843.140	2.030	-21.845
843.150	1.980	-21.845
843.160	1.980	-21.992
843.170	1.980	-21.552
843.180	1.820	-21.552
843.190	1.820	-20.687
843.200	1.820	-19.702
843.210	1.600	-19.702
843.220	1.600	-18.750
843.230	1.600	-18.018
843.240	1.370	-17.358
843.250	1.370	-16.406
843.260	1.370	-15.088
843.270	1.100	-14.322
843.280	1.100	-13.077
843.290	1.100	-12.752
843.300	0.840	-11.653
843.310	0.840	-10.335
843.320	0.840	-9.529
843.330	0.580	-8.590
843.340	0.580	-7.418
843.350	0.580	-6.645
843.360	0.310	-5.899
843.370	0.310	-4.907
843.380	0.310	-4.102
843.390	0.050	-2.889
843.400	0.050	-2.010
843.410	0.050	-1.204
843.420	-0.210	-0.232
843.430	-0.210	1.588
843.440	-0.210	2.426
843.450	-0.460	3.438
843.460	-0.460	4.390
843.470	-0.460	5.196
843.480	-0.650	5.196
843.490	-0.650	6.148
843.500	-0.650	7.466
843.510	-0.850	7.466
843.520	-0.850	8.105
843.530	-0.850	9.595
843.540	-1.020	9.595
843.550	-1.020	10.474
843.560	-1.020	11.426
843.570	-1.170	11.426
843.580	-1.170	11.792
843.590	-1.170	13.257
843.600	-1.290	13.257
843.610	-1.290	13.330
843.620	-1.290	14.209
843.630	-1.360	14.209
843.640	-1.360	14.282
843.650	-1.360	15.234
843.660	-1.440	15.234
843.670	-1.440	15.234
843.680	-1.440	15.967
843.690	-1.540	15.967
843.700	-1.540	16.020
843.710	-1.540	16.679
843.720	-1.620	16.752
843.730	-1.620	17.045
843.740	-1.620	17.989
843.750	-1.700	17.823
843.760	-1.700	18.181
843.770	-1.700	18.474
843.780	-1.740	18.641
843.790	-1.740	18.787
843.800	-1.740	19.320
843.810	-1.780	19.539
843.820	-1.780	19.466
843.830	-1.780	19.539
843.840	-1.800	19.221
843.850	-1.800	19.681
843.860	-1.800	19.843
843.870	-1.810	19.990
843.880	-1.810	19.897
843.890	-1.810	19.677
843.900	-1.770	19.411
843.910	-1.770	19.264
843.920	-1.770	19.695
843.930	-1.720	19.403
843.940	-1.720	19.143
843.950	-1.720	18.996
843.960	-1.640	18.449
843.970	-1.640	17.936
843.980	-1.640	17.985
843.990	-1.550	17.985
844.000	-1.550	17.519
844.010	-1.550	17.299
844.020	-1.510	16.781
844.030	-1.510	16.635
844.040	-1.510	16.806
844.050	-1.480	16.366
844.060	-1.480	16.173
844.070	-1.480	16.246
844.080	-1.430	15.825
844.090	-1.430	15.532
844.100	-1.430	15.532
844.110	-1.290	15.112
844.120	-1.290	14.393
844.130	-1.290	13.954
844.140	-1.040	13.197
844.150	-1.040	12.464
844.160	-1.040	11.903
844.170	-0.750	10.971
844.180	-0.750	9.952
844.190	-0.750	9.130
844.200	-0.560	8.265
844.210	-0.560	7.488
844.220	-0.560	6.902
844.230	-0.410	5.996
844.240	-0.410	5.191
844.250	-0.410	4.466
844.260	-0.180	3.490
844.270	-0.180	2.794
844.280	-0.180	2.062
844.290	0.140	1.159
844.300	0.140	0.121
844.310	0.140	-1.263
844.320	0.430	-2.089
844.330	0.430	-3.006
844.340	0.430	-4.105
844.350	0.630	-5.051
844.360	0.630	-6.077
844.370	0.630	-7.216
844.380	0.920	-7.949
844.390	0.920	-9.007
844.400	0.920	-9.886
844.410	1.130	-10.190
844.420	1.130	-11.195
844.430	1.130	-11.936
844.440	1.250	-12.521
844.450	1.250	-13.560
844.460	1.250	-13.560
844.470	1.350	-13.856
844.480	1.350	-14.296
844.490	1.350	-14.694
844.500	1.420	-14.974
844.510	1.420	-15.240
844.520	1.420	-15.240
844.530	1.460	-15.680
844.540	1.460	-15.753
844.550	1.460	-16.079
844.560	1.490	-16.145
844.570	1.490	-16.232
844.580	1.490	-16.793
844.590	1.530	-16.401
844.600	1.530	-16.634
844.610	1.530	-17.367
844.620	1.590	-17.293
844.630	1.590	-17.147
844.640	1.590	-17.651
844.650	1.620	-17.592
844.660	1.620	-17.965
844.670	1.620	-17.989
844.680	1.660	-17.834
844.690	1.660	-18.413
844.700	1.660	-18.780
844.710	1.720	-18.580
844.720	1.720	-18.800
844.730	1.720	-19.231
844.740	1.770	-18.913
844.750	1.770	-19.232
844.760	1.770	-19.379
844.770	1.770	-19.574
844.780	1.770	-19.681
844.790	1.770	-19.494
844.800	1.710	-19.094
844.810	1.710	-19.212
844.820	1.710	-19.139
844.830	1.620	-18.621
844.840	1.620	-18.508
844.850	1.620	-18.410
844.860	1.550	-18.191
844.870	1.550	-17.605
844.880	1.550	-17.312
844.890	1.490	-17.053
844.900	1.490	-16.500
844.910	1.490	-16.012
844.920	1.350	-15.646
844.930	1.350	-15.513
844.940	1.350	-14.707
844.950	1.130	-13.886
844.960	1.130	-12.934
844.970	1.130	-12.917
844.980	0.930	-12.038
844.990	0.930	-11.093
845.000	0.930	-10.653
845.010	0.690	-9.692
845.020	0.690	-8.886
845.030	0.690	-7.909
845.040	0.480	-7.543
845.050	0.480	-6.777
845.060	0.480	-6.045
845.070	0.230	-4.810
845.080	0.230	-4.004
845.090	0.230	-3.011
845.100	-0.120	-1.766
845.110	-0.120	-0.634
845.120	-0.120	0.318
845.130	-0.460	1.612
845.140	-0.460	3.020
845.150	-0.460	4.045
845.160	-0.690	5.257
845.170	-0.690	6.349
845.180	-0.690	7.578
845.190	-0.910	8.170
845.200	-0.910	9.195
845.210	-0.910	10.194
845.220	-1.200	11.146
845.230	-1.200	11.732
845.240	-1.200	12.709
845.250	-1.440	13.807
845.260	-1.440	14.500
845.270	-1.440	15.379
845.280	-1.630	15.741
845.290	-1.630	16.793
845.300	-1.630	17.526
845.310	-1.770	18.258
845.320	-1.770	18.917
845.330	-1.770	19.723
845.340	-1.950	19.915
845.350	-1.950	20.208
845.360	-1.950	21.136
845.370	-2.000	21.282
845.380	-2.000	21.815
845.390	-2.000	21.742
845.400	-2.030	21.875
845.410	-2.030	21.729
845.420	-2.030	22.209
845.430	-2.020	21.876
845.440	-2.020	22.416
845.450	-2.020	22.489
845.460	-2.010	21.934
845.470	-2.010	21.934
845.480	-2.010	22.341
845.490	-2.000	22.561
845.500	-2.000	22.354
845.510	-2.000	22.428
845.520	-1.960	21.621
845.530	-1.960	21.954
845.540	-1.960	21.466
845.550	-1.920	21.539
845.560	-1.920	21.313
845.570	-1.920	21.193
845.580	-1.860	20.639
845.590	-1.860	20.558
845.600	-1.860	20.265
845.610	-1.800	19.739
845.620	-1.800	19.772
845.630	-1.800	19.772
845.640	-1.650	18.988
845.650	-1.650	18.549
845.660	-1.650	18.435
845.670	-1.510	17.769
845.680	-1.510	17.256
845.690	-1.510	16.931
845.700	-1.390	16.232
845.710	-1.390	16.025
845.720	-1.390	15.496
845.730	-1.210	14.364
845.740	-1.210	13.765
845.750	-1.210	13.309
845.760	-0.930	12.251
845.770	-0.930	11.719
845.780	-0.930	10.994
845.790	-0.690	9.604
845.800	-0.690	8.765
845.810	-0.690	7.617
845.820	-0.340	6.448
845.830	-0.340	5.456
845.840	-0.340	4.724
845.850	-0.140	3.422
845.860	-0.140	2.543
845.870	-0.140	1.566
845.880	0.100	0.553
845.890	0.100	-0.213
845.900	0.100	-1.165
845.910	0.400	-2.142
845.920	0.400	-2.861
845.930	0.400	-3.911
845.940	0.590	-4.776
845.950	0.590	-5.509
845.960	0.590	-6.502
845.970	0.790	-7.190
845.980	0.790	-8.162
845.990	0.790	-9.016
846.000	0.970	-9.489
846.010	0.970	-9.928
846.020	0.970	-10.807
846.030	1.120	-11.003
846.040	1.120	-11.765
846.050	1.120	-12.351
846.060	1.260	-12.609
846.070	1.260	-13.289
846.080	1.260	-13.508
846.090	1.330	-13.899
846.100	1.330	-14.232
846.110	1.330	-14.452
846.120	1.380	-14.745
846.130	1.380	-15.184
846.140	1.380	-15.347
846.150	1.470	-15.560
846.160	1.470	-16.115
846.170	1.470	-16.334
846.180	1.570	-16.474
846.190	1.570	-16.767
846.200	1.570	-17.581
846.210	1.660	-17.787
846.220	1.660	-18.308
846.230	1.660	-18.382
846.240	1.760	-18.655
846.250	1.760	-19.101
846.260	1.760	-19.199
846.270	1.850	-19.565
846.280	1.850	-20.312
846.290	1.850	-20.605
846.300	1.880	-20.125
846.310	1.880	-20.504
846.320	1.880	-20.423
846.330	1.870	-20.669
846.340	1.870	-20.884
846.350	1.870	-20.884
846.360	1.830	-20.884
846.370	1.830	-20.517
846.380	1.830	-19.777
846.390	1.760	-19.777
846.400	1.760	-19.883
846.410	1.760	-19.371
846.420	1.690	-19.371
846.430	1.690	-19.198
846.440	1.690	-18.530
846.450	1.620	-18.530
846.460	1.620	-18.237
846.470	1.620	-17.578
846.480	1.550	-17.578
846.490	1.550	-17.578
846.500	1.550	-16.846
846.510	1.410	-16.266
846.520	1.410	-15.900
846.530	1.410	-15.607
846.540	1.260	-14.802
846.550	1.260	-14.289
846.560	1.260	-13.483
846.570	1.050	-13.017
846.580	1.050	-11.919
846.590	1.050	-10.649
846.600	0.740	-9.943
846.610	0.740	-9.058
846.620	0.740	-8.065
846.630	0.410	-6.800
846.640	0.410	-5.848
846.650	0.410	-4.602
846.660	0.140	-3.650
846.670	0.140	-2.432
846.680	0.140	-1.520
846.690	-0.150	-0.499
846.700	-0.150	0.479
846.710	-0.150	1.562
846.720	-0.470	2.487
846.730	-0.470	3.712
846.740	-0.470	4.843
846.750	-0.770	5.975
846.760	-0.770	7.033
846.770	-0.770	8.131
846.780	-1.070	9.004
846.790	-1.070	10.099
846.800	-1.070	10.758
846.810	-1.240	11.853
846.820	-1.240	12.939
846.830	-1.240	13.785
846.840	-1.460	14.325
846.850	-1.460	15.146
846.860	-1.460	16.872
846.870	-1.640	16.872
846.880	-1.640	17.577
846.890	-1.640	18.660
846.900	-1.810	18.660
846.910	-1.810	19.339
846.920	-1.810	20.177
846.930	-1.940	20.177
846.940	-1.940	20.703
846.950	-1.940	21.460
846.960	-2.040	21.460
846.970	-2.040	21.753
846.980	-2.040	22.485
846.990	-2.110	22.485
847.000	-2.110	22.925
847.010	-2.110	22.998
847.020	-2.130	22.998
847.030	-2.130	23.071
847.040	-2.130	23.145
847.050	-2.100	23.145
847.060	-2.100	23.145
847.070	-2.100	23.071
847.080	-2.070	23.071
847.090	-2.070	22.925
847.100	-2.070	22.632
847.110	-2.050	22.632
847.120	-2.050	22.778
847.130	-2.050	22.412
847.140	-2.040	22.412
847.150	-2.040	21.973
847.160	-2.040	21.753
847.170	-1.990	21.753
847.180	-1.990	21.533
847.190	-1.990	20.654
847.200	-1.810	20.654
847.210	-1.810	20.215
847.220	-1.810	18.970
847.230	-1.560	18.970
847.240	-1.560	18.091
847.250	-1.560	16.260
847.260	-1.340	16.260
847.270	-1.340	15.601
847.280	-1.340	13.403
847.290	-1.030	13.403
847.300	-1.030	12.305
847.310	-1.030	9.814
847.320	-0.690	9.814
847.330	-0.690	8.496
847.340	-0.690	6.079
847.350	-0.330	6.079
847.360	-0.330	5.054
847.370	-0.330	2.417
847.380	0.030	2.417
847.390	0.030	1.099
847.400	0.030	-0.879
847.410	0.320	-0.879
847.420	0.320	-2.051
847.430	0.320	-4.102
847.440	0.560	-4.102
847.450	0.560	-5.200
847.460	0.560	-6.958
847.470	0.780	-6.958
847.480	0.780	-7.764
847.490	0.780	-9.595
847.500	1.020	-9.595
847.510	1.020	-10.547
847.520	1.020	-11.938
847.530	1.190	-11.938
847.540	1.190	-12.671
847.550	1.190	-13.110
847.560	1.350	-13.770
847.570	1.350	-14.478
847.580	1.350	-15.356
847.590	1.490	-15.223
847.600	1.490	-16.232
847.610	1.490	-16.599
847.620	1.610	-16.965
847.630	1.610	-17.624
847.640	1.610	-17.624
847.650	1.730	-18.017
847.660	1.730	-18.603
847.670	1.730	-19.010
847.680	1.820	-19.303
847.690	1.820	-19.875
847.700	1.820	-20.038
847.710	1.880	-19.931
847.720	1.880	-20.371
847.730	1.880	-20.517
847.740	1.930	-20.904
847.750	1.930	-21.414
847.760	1.930	-21.634
847.770	1.980	-21.404
847.780	1.980	-21.404
847.790	1.980	-21.844
847.800	2.050	-22.251
847.810	2.050	-22.584
847.820	2.050	-22.836
847.830	2.100	-22.983
847.840	2.100	-23.329
847.850	2.100	-23.231
847.860	2.110	-23.025
847.870	2.110	-23.238
847.880	2.110	-23.482
847.890	2.070	-23.269
847.900	2.070	-22.943
847.910	2.070	-22.937
847.920	1.950	-22.212
847.930	1.950	-21.699
847.940	1.950	-21.308
847.950	1.770	-20.563
847.960	1.770	-20.256
847.970	1.770	-19.296
847.980	1.530	-18.319
847.990	1.530	-17.434
848.000	1.530	-16.620
848.010	1.240	-15.228
848.020	1.240	-14.603
848.030	1.240	-13.667
848.040	0.950	-12.513
848.050	0.950	-11.720
848.060	0.950	-10.451
848.070	0.670	-9.400
848.080	0.670	-8.228
848.090	0.670	-7.309
848.100	0.370	-5.977
848.110	0.370	-5.245
848.120	0.370	-3.829
848.130	0.010	-2.667
848.140	0.010	-1.575
848.150	0.010	-0.281
848.160	-0.350	0.806
848.170	-0.350	2.091
848.180	-0.350	3.361
848.190	-0.650	4.818
848.200	-0.650	5.831
848.210	-0.650	7.377
848.220	-1.010	8.464
848.230	-1.010	9.736
848.240	-1.010	11.152
848.250	-1.320	12.195
848.260	-1.320	13.281
848.270	-1.320	14.306
848.280	-1.580	15.453
848.290	-1.580	16.226
848.300	-1.580	17.788
848.310	-1.830	18.106
848.320	-1.830	19.118
848.330	-1.830	20.022
848.340	-2.040	20.710
848.350	-2.040	21.302
848.360	-2.040	22.629
848.370	-2.190	22.982
848.380	-2.190	23.275
848.390	-2.190	23.975
848.400	-2.250	23.930
848.410	-2.250	24.410
848.420	-2.250	24.589
848.430	-2.200	24.211
848.440	-2.200	24.012
848.450	-2.200	24.003
848.460	-2.030	22.923
848.470	-2.030	22.351
848.480	-2.030	22.294
848.490	-1.830	21.487
848.500	-1.830	20.921
848.510	-1.830	20.612
848.520	-1.720	19.621
848.530	-1.720	19.534
848.540	-1.720	19.241
848.550	-1.690	18.956
848.560	-1.690	18.783
848.570	-1.690	18.897
848.580	-1.660	18.268
848.590	-1.660	18.302
848.600	-1.660	17.862
848.610	-1.600	17.732
848.620	-1.600	17.885
848.630	-1.600	17.291
848.640	-1.520	16.985
848.650	-1.520	16.838
848.660	-1.520	16.301
848.670	-1.400	15.894
848.680	-1.400	15.262
848.690	-1.400	14.651
848.700	-1.170	13.992
848.710	-1.170	13.187
848.720	-1.170	12.316
848.730	-0.860	11.532
848.740	-0.860	10.666
848.750	-0.860	9.551
848.760	-0.590	8.730
848.770	-0.590	7.558
848.780	-0.590	6.752
848.790	-0.400	5.825
848.800	-0.400	5.239
848.810	-0.400	4.140
848.820	-0.150	3.260
848.830	-0.150	2.441
848.840	-0.150	1.383
848.850	0.160	0.480
848.860	0.160	-0.359
848.870	0.160	-1.221
848.880	0.430	-2.313
848.890	0.430	-3.266
848.900	0.430	-4.389
848.910	0.630	-5.321
848.920	0.630	-5.987
848.930	0.630	-7.069
848.940	0.830	-7.609
848.950	0.830	-8.668
848.960	0.830	-9.286
848.970	0.990	-10.048
848.980	0.990	-10.494
848.990	0.990	-11.300
849.000	1.170	-11.569
849.010	1.170	-12.101
849.020	1.170	-13.241
849.030	1.310	-13.137
849.040	1.310	-13.883
849.050	1.310	-14.322
849.060	1.410	-14.583
849.070	1.410	-15.009
849.080	1.410	-15.798
849.090	1.500	-15.865
849.100	1.500	-16.304
849.110	1.500	-16.670
849.120	1.580	-16.630
849.130	1.580	-17.409
849.140	1.580	-17.506
849.150	1.660	-17.540
849.160	1.660	-18.126
849.170	1.660	-18.380
849.180	1.710	-18.380
849.190	1.710	-18.720
849.200	1.710	-19.160
849.210	1.770	-19.160
849.220	1.770	-19.380
849.230	1.770	-19.868
849.240	1.810	-19.868
849.250	1.810	-20.128
849.260	1.810	-19.981
849.270	1.820	-19.730
849.280	1.820	-19.776
849.290	1.820	-20.183
849.300	1.810	-20.256
849.310	1.810	-20.183
849.320	1.810	-20.256
849.330	1.780	-19.744
849.340	1.780	-19.744
849.350	1.780	-19.597
849.360	1.750	-19.637
849.370	1.750	-19.750
849.380	1.750	-19.563
849.390	1.710	-19.115
849.400	1.710	-18.823
849.410	1.710	-18.603
849.420	1.610	-18.010
849.430	1.610	-17.864
849.440	1.610	-17.441
849.450	1.430	-16.781
849.460	1.430	-16.448
849.470	1.430	-15.423
849.480	1.210	-14.831
849.490	1.210	-13.879
849.500	1.210	-13.269
849.510	0.950	-12.390
849.520	0.950	-11.371
849.530	0.950	-10.565
849.540	0.670	-9.470
849.550	0.670	-7.298
849.560	0.670	-6.492
849.570	0.360	-6.492
849.580	0.360	-5.367
849.590	0.360	-4.488
849.600	0.080	-3.200
849.610	0.080	-2.322
849.620	0.080	-1.483
849.630	-0.130	-0.425
849.640	-0.130	0.840
849.650	-0.130	1.793
849.660	-0.410	2.569
849.670	-0.410	3.522
849.680	-0.410	4.815
849.690	-0.700	5.768
849.700	-0.700	6.873
849.710	-0.700	7.679
849.720	-1.000	8.818
849.730	-1.000	9.956
849.740	-1.000	10.469
849.750	-1.260	11.918
849.760	-1.260	13.143
849.770	-1.260	13.802
849.780	-1.530	14.512
849.790	-1.530	15.538
849.800	-1.530	16.726
849.810	-1.790	17.771
849.820	-1.790	18.357
849.830	-1.790	19.342
849.840	-1.940	20.094
849.850	-1.940	20.184
849.860	-1.940	20.460
849.870	-1.980	21.259
849.880	-1.980	21.306
849.890	-1.980	21.770
849.900	-1.970	21.341
849.910	-1.970	21.614
849.920	-1.970	22.086
849.930	-1.990	21.694
849.940	-1.990	21.893
849.950	-1.990	22.536
849.960	-2.090	22.846
849.970	-2.090	23.072
849.980	-2.090	23.853
849.990	-2.250	23.853
850.000	-2.250	24.413
850.010	-2.250	24.966
850.020	-2.390	24.966
850.030	-2.390	25.545
850.040	-2.390	25.678
850.050	-2.370	25.328
850.060	-2.370	25.402
850.070	-2.370	25.255
850.080	-2.260	25.255
850.090	-2.260	24.596
850.100	-2.260	24.303
850.110	-2.090	23.717
850.120	-2.090	23.131
850.130	-2.090	22.619
850.140	-1.880	21.820
850.150	-1.880	21.453
850.160	-1.880	21.071
850.170	-1.700	20.192
850.180	-1.700	19.167
850.190	-1.700	18.589
850.200	-1.420	17.257
850.210	-1.420	16.085
850.220	-1.420	15.157
850.230	-0.950	13.493
850.240	-0.950	12.621
850.250	-0.950	11.139
850.260	-0.540	9.371
850.270	-0.540	8.053
850.280	-0.540	6.743
850.290	-0.220	5.196
850.300	-0.220	4.258
850.310	-0.220	2.834
850.320	0.140	1.524
850.330	0.140	0.332
850.340	0.140	-0.897
850.350	0.370	-2.066
850.360	0.370	-3.284
850.370	0.370	-4.407
850.380	0.640	-5.154
850.390	0.640	-6.326
850.400	0.640	-7.205
850.410	0.900	-8.344
850.420	0.900	-8.964
850.430	0.900	-9.932
850.440	1.100	-10.694
850.450	1.100	-11.486
850.460	1.100	-12.162
850.470	1.280	-12.584
850.480	1.280	-13.456
850.490	1.280	-13.969
850.500	1.390	-14.554
850.510	1.390	-14.701
850.520	1.390	-15.539
850.530	1.450	-15.376
850.540	1.450	-15.656
850.550	1.450	-16.299
850.560	1.510	-16.469
850.570	1.510	-16.536
850.580	1.510	-17.114
850.590	1.630	-17.293
850.600	1.630	-17.871
850.610	1.630	-18.530
850.620	1.760	-18.405
850.630	1.760	-19.300
850.640	1.760	-19.593
850.650	1.880	-19.755
850.660	1.880	-20.008
850.670	1.880	-20.985
850.680	1.960	-20.867
850.690	1.960	-21.444
850.700	1.960	-21.598
850.710	1.990	-21.325
850.720	1.990	-21.931
850.730	1.990	-21.768
850.740	2.010	-22.281
850.750	2.010	-22.444
850.760	2.010	-22.737
850.770	2.040	-22.293
850.780	2.040	-22.639
850.790	2.040	-22.395
850.800	2.020	-22.189
850.810	2.020	-22.226
850.820	2.020	-22.226
850.830	1.940	-21.893
850.840	1.940	-21.453
850.850	1.940	-21.453
850.860	1.830	-20.841
850.870	1.830	-21.040
850.880	1.830	-20.235
850.890	1.730	-19.769
850.900	1.730	-19.609
850.910	1.730	-19.039
850.920	1.590	-18.380
850.930	1.590	-18.469
850.940	1.590	-17.663
850.950	1.420	-16.635
850.960	1.420	-16.369
850.970	1.420	-15.229
850.980	1.180	-14.790
850.990	1.180	-14.011
851.000	1.180	-12.985
851.010	0.890	-12.453
851.020	0.890	-11.281
851.030	0.890	-9.816
851.040	0.640	-8.937
851.050	0.640	-7.898
851.060	0.640	-6.580
851.070	0.320	-5.522
851.080	0.320	-4.277
851.090	0.320	-2.999
851.100	-0.080	-1.754
851.110	-0.080	-0.456
851.120	-0.080	0.570
851.130	-0.460	2.057
851.140	-0.460	3.163
851.150	-0.460	4.555
851.160	-0.760	5.654
851.170	-0.760	6.752
851.180	-0.760	7.924
851.190	-1.010	8.864
851.200	-1.010	9.596
851.210	-1.010	10.939
851.220	-1.210	11.818
851.230	-1.210	12.357
851.240	-1.210	13.301
851.250	-1.410	13.801
851.260	-1.410	14.313
851.270	-1.410	15.412
851.280	-1.570	16.071
851.290	-1.570	16.710
851.300	-1.570	17.589
851.310	-1.740	17.611
851.320	-1.740	18.344
851.330	-1.740	19.166
851.340	-1.890	19.752
851.350	-1.890	20.085
851.360	-1.890	21.305
851.370	-2.040	21.452
851.380	-2.040	21.891
851.390	-2.040	22.331
851.400	-2.190	22.883
851.410	-2.190	23.496
851.420	-2.190	24.228
851.430	-2.290	24.212
851.440	-2.290	24.505
851.450	-2.290	24.845
851.460	-2.230	24.490
851.470	-2.230	24.050
851.480	-2.230	24.319
851.490	-2.070	23.773
851.500	-2.070	23.684
851.510	-2.070	23.391
851.520	-1.970	22.592
851.530	-1.970	22.372
851.540	-1.970	22.258
851.550	-1.960	21.985
851.560	-1.960	21.925
851.570	-1.960	22.544
851.580	-2.070	21.922
851.590	-2.070	22.322
851.600	-2.070	21.996
851.610	-2.000	21.810
851.620	-2.000	21.632
851.630	-2.000	21.486
851.640	-1.790	20.628
851.650	-1.790	20.022
851.660	-1.790	19.704
851.670	-1.500	18.646
851.680	-1.500	18.129
851.690	-1.500	17.396
851.700	-1.390	16.745
851.710	-1.390	15.979
851.720	-1.390	15.817
851.730	-1.270	15.084
851.740	-1.270	14.591
851.750	-1.270	14.225
851.760	-1.130	13.404
851.770	-1.130	12.745
851.780	-1.130	11.459
851.790	-0.930	11.459
851.800	-0.930	10.580
851.810	-0.930	10.141
851.820	-0.680	9.016
851.830	-0.680	8.137
851.840	-0.680	7.210
851.850	-0.430	6.317
851.860	-0.430	5.259
851.870	-0.430	4.453
851.880	-0.090	3.247
851.890	-0.090	2.515
851.900	-0.090	1.685
851.910	0.150	0.692
851.920	0.150	-0.413
851.930	0.150	-1.511
851.940	0.340	-2.222
851.950	0.340	-2.794
851.960	0.340	-3.527
851.970	0.570	-4.479
851.980	0.570	-5.145
851.990	0.570	-6.219
852.000	0.740	-6.840
852.010	0.740	-7.313
852.020	0.740	-8.339
852.030	0.920	-8.738
852.040	0.920	-9.590
852.050	0.920	-10.372
852.060	1.110	-10.977
852.070	1.110	-11.563
852.080	1.110	-12.133
852.090	1.220	-12.377
852.100	1.220	-13.050
852.110	1.220	-13.562
852.120	1.320	-13.782
852.130	1.320	-14.188
852.140	1.320	-14.408
852.150	1.410	-15.018
852.160	1.410	-15.511
852.170	1.410	-15.519
852.180	1.510	-15.882
852.190	1.510	-16.370
852.200	1.510	-16.736
852.210	1.540	-16.736
852.220	1.540	-16.883
852.230	1.540	-17.029
852.240	1.540	-17.029
852.250	1.540	-16.956
852.260	1.540	-17.387
852.270	1.560	-17.387
852.280	1.560	-17.187
852.290	1.560	-17.651
852.300	1.620	-17.651
852.310	1.620	-17.725
852.320	1.620	-17.944
852.330	1.680	-17.944
852.340	1.680	-18.164
852.350	1.680	-18.457
852.360	1.690	-18.457
852.370	1.690	-18.530
852.380	1.690	-18.750
852.390	1.700	-18.750
852.400	1.700	-18.823
852.410	1.700	-19.043
852.420	1.740	-19.043
852.430	1.740	-19.263
852.440	1.740	-19.409
852.450	1.820	-19.409
852.460	1.820	-19.775
852.470	1.820	-20.361
852.480	1.900	-20.728
852.490	1.900	-20.728
852.500	1.900	-21.072
852.510	1.930	-21.072
852.520	1.930	-20.852
852.530	1.930	-20.852
852.540	1.870	-20.779
852.550	1.870	-20.559
852.560	1.870	-19.973
852.570	1.720	-19.973
852.580	1.720	-19.387
852.590	1.720	-18.262
852.600	1.500	-18.262
852.610	1.500	-17.212
852.620	1.500	-15.894
852.630	1.290	-15.894
852.640	1.290	-15.308
852.650	1.290	-13.623
852.660	1.080	-13.623
852.670	1.080	-12.817
852.680	1.080	-11.353
852.690	0.890	-11.353
852.700	0.890	-10.547
852.710	0.890	-8.789
852.720	0.650	-8.789
852.730	0.650	-8.276
852.740	0.650	-6.519
852.750	0.410	-6.519
852.760	0.410	-5.347
852.770	0.410	-3.809
852.780	0.170	-3.809
852.790	0.170	-2.710
852.800	0.170	-0.879
852.810	-0.150	-0.879
852.820	-0.150	1.685
852.830	-0.150	2.637
852.840	-0.470	2.637
852.850	-0.470	3.882
852.860	-0.470	4.687
852.870	-0.730	5.487
852.880	-0.730	6.732
852.890	-0.730	7.537
852.900	-0.920	8.563
852.910	-0.920	9.075
852.920	-0.920	10.518
852.930	-1.140	10.518
852.940	-1.140	11.242
852.950	-1.140	12.214
852.960	-1.210	13.043
852.970	-1.210	13.043
852.980	-1.210	13.190
852.990	-1.340	13.769
853.000	-1.340	14.208
853.010	-1.340	14.965
853.020	-1.430	14.794
853.030	-1.430	15.280
853.040	-1.430	15.435
853.050	-1.460	15.501
853.060	-1.460	15.848
853.070	-1.460	16.092
853.080	-1.480	16.165
853.090	-1.480	16.172
853.100	-1.480	16.522
853.110	-1.510	16.411
853.120	-1.510	16.264
853.130	-1.510	16.614
853.140	-1.510	16.674
853.150	-1.510	16.388
853.160	-1.510	16.892
853.170	-1.520	16.685
853.180	-1.520	16.612
853.190	-1.520	17.027
853.200	-1.510	16.524
853.210	-1.510	16.464
853.220	-1.510	16.863
853.230	-1.490	16.360
853.240	-1.490	16.300
853.250	-1.490	16.764
853.260	-1.450	16.113
853.270	-1.450	15.913
853.280	-1.450	16.230
853.290	-1.410	15.742
853.300	-1.410	15.602
853.310	-1.410	15.773
853.320	-1.380	15.381
853.330	-1.380	15.095
853.340	-1.380	15.428
853.350	-1.380	15.317
853.360	-1.380	15.244
853.370	-1.380	15.651
853.380	-1.450	15.540
853.390	-1.450	15.613
853.400	-1.450	16.093
853.410	-1.530	15.982
853.420	-1.530	16.342
853.430	-1.530	16.887
853.440	-1.540	16.414
853.450	-1.540	16.647
853.460	-1.540	17.371
853.470	-1.570	16.897
853.480	-1.570	17.131
853.490	-1.570	17.627
853.500	-1.610	17.353
853.510	-1.610	17.367
853.520	-1.610	17.480
853.530	-1.560	17.288
853.540	-1.560	17.281
853.550	-1.560	17.078
853.560	-1.430	16.427
853.570	-1.430	16.347
853.580	-1.430	16.062
853.590	-1.290	14.960
853.600	-1.290	14.680
853.610	-1.290	14.127
853.620	-1.060	13.187
853.630	-1.060	12.102
853.640	-1.060	11.280
853.650	-0.770	10.119
853.660	-0.770	8.174
853.670	-0.770	8.174
853.680	-0.400	6.760
853.690	-0.400	5.828
853.700	-0.400	4.437
853.710	-0.070	3.159
853.720	-0.070	1.861
853.730	-0.070	0.860
853.740	0.210	-0.043
853.750	0.210	-0.875
853.760	0.210	-1.876
853.770	0.430	-2.934
853.780	0.430	-3.800
853.790	0.430	-4.614
853.800	0.670	-5.672
853.810	0.670	-6.331
853.820	0.670	-7.186
853.830	0.920	-7.763
853.840	0.920	-8.895
853.850	0.920	-9.749
853.860	1.110	-10.593
853.870	1.110	-11.105
853.880	1.110	-12.163
853.890	1.250	-12.814
853.900	1.250	-13.074
853.910	1.250	-14.067
853.920	1.380	-14.378
853.930	1.380	-14.924
853.940	1.380	-15.249
853.950	1.490	-15.826
853.960	1.490	-16.399
853.970	1.490	-16.700
853.980	1.590	-16.707
853.990	1.590	-17.147
854.000	1.590	-17.952
854.010	1.700	-18.078
854.020	1.700	-18.231
854.030	1.700	-18.899
854.040	1.820	-18.973
854.050	1.820	-19.372
854.060	1.820	-19.909
854.070	1.920	-20.361
854.080	1.920	-20.760
854.090	1.920	-21.126
854.100	2.010	-21.346
854.110	2.010	-21.546
854.120	2.010	-22.465
854.130	2.070	-22.317
854.140	2.070	-22.797
854.150	2.070	-23.041
854.160	2.100	-22.863
854.170	2.100	-23.063
854.180	2.100	-23.551
854.190	2.090	-23.278
854.200	2.090	-23.132
854.210	2.090	-23.295
854.220	2.050	-22.954
854.230	2.050	-22.655
854.240	2.050	-22.752
854.250	1.960	-22.109
854.260	1.960	-21.969
854.270	1.960	-22.050
854.280	1.880	-21.229
854.290	1.880	-21.429
854.300	1.880	-21.274
854.310	1.830	-20.912
854.320	1.830	-20.186
854.330	1.830	-20.471
854.340	1.760	-19.827
854.350	1.760	-19.714
854.360	1.760	-19.462
854.370	1.610	-18.581
854.380	1.610	-18.182
854.390	1.610	-17.287
854.400	1.360	-16.436
854.410	1.360	-15.171
854.420	1.360	-14.691
854.430	0.980	-13.307
854.440	0.980	-11.949
854.450	0.980	-10.753
854.460	0.550	-9.081
854.470	0.550	-7.902
854.480	0.550	-6.437
854.490	0.140	-4.935
854.500	0.140	-3.304
854.510	0.140	-2.002
854.520	-0.270	-0.345
854.530	-0.270	1.413
854.540	-0.270	2.666
854.550	-0.730	4.473
854.560	-0.730	5.845
854.570	-0.730	7.529
854.580	-1.120	8.661
854.590	-1.120	10.414
854.600	-1.120	11.879
854.610	-1.410	12.994
854.620	-1.410	14.299
854.630	-1.410	15.032
854.640	-1.680	16.282
854.650	-1.680	17.242
854.660	-1.680	18.341
854.670	-1.900	19.147
854.680	-1.900	20.212
854.690	-1.900	20.603
854.700	-2.050	21.035
854.710	-2.050	21.874
854.720	-2.050	22.386
854.730	-2.160	23.045
854.740	-2.160	23.325
854.750	-2.160	23.390
854.760	-2.190	23.450
854.770	-2.190	23.450
854.780	-2.190	23.938
854.790	-2.170	23.592
854.800	-2.170	24.014
854.810	-2.170	23.762
854.820	-2.130	23.608
854.830	-2.130	23.389
854.840	-2.130	23.730
854.850	-2.130	23.451
854.860	-2.130	23.725
854.870	-2.130	23.651
854.880	-2.110	23.163
854.890	-2.110	23.688
854.900	-2.110	23.200
854.910	-2.050	23.127
854.920	-2.050	22.914
854.930	-2.050	23.060
854.940	-2.010	22.239
854.950	-2.010	22.152
854.960	-2.010	21.583
854.970	-1.910	21.250
854.980	-1.910	21.168
854.990	-1.910	20.184
855.000	-1.660	19.518
855.010	-1.660	18.859
855.020	-1.660	18.191
855.030	-1.390	17.313
855.040	-1.390	16.913
855.050	-1.390	15.961
855.060	-1.200	15.258
855.070	-1.200	14.419
855.080	-1.200	13.475
855.090	-1.080	12.832
855.100	-1.080	12.033
855.110	-1.080	11.520
855.120	-0.850	10.670
855.130	-0.850	9.571
855.140	-0.850	8.432
855.150	-0.460	7.553
855.160	-0.460	6.294
855.170	-0.460	5.269
855.180	-0.080	3.897
855.190	-0.080	2.782
855.200	-0.080	1.725
855.210	0.180	0.406
855.220	0.180	-0.639
855.230	0.180	-1.738
855.240	0.400	-2.663
855.250	0.400	-3.395
855.260	0.400	-4.363
855.270	0.650	-5.296
855.280	0.650	-6.154
855.290	0.650	-7.252
855.300	0.960	-7.859
855.310	0.960	-9.031
855.320	0.960	-10.659
855.330	1.120	-10.659
855.340	1.120	-11.597
855.350	1.120	-12.476
855.360	1.310	-13.119
855.370	1.310	-13.945
855.380	1.310	-14.718
855.390	1.440	-14.718
855.400	1.440	-15.544
855.410	1.440	-15.747
855.420	1.520	-15.747
855.430	1.520	-16.333
855.440	1.520	-16.992
855.450	1.590	-16.992
855.460	1.590	-17.212
855.470	1.590	-17.432
855.480	1.660	-17.432
855.490	1.660	-18.091
855.500	1.660	-17.944
855.510	1.680	-17.944
855.520	1.680	-18.311
855.530	1.680	-18.457
855.540	1.690	-18.457
855.550	1.690	-18.311
855.560	1.690	-18.384
855.570	1.650	-18.384
855.580	1.650	-18.237
855.590	1.650	-17.871
855.600	1.580	-17.871
855.610	1.580	-17.798
855.620	1.580	-17.139
855.630	1.520	-17.139
855.640	1.520	-16.919
855.650	1.520	-16.919
855.660	1.490	-16.919
855.670	1.490	-16.772
855.680	1.490	-16.772
855.690	1.530	-16.772
855.700	1.530	-16.992
855.710	1.530	-16.846
855.720	1.560	-16.752
855.730	1.560	-17.192
855.740	1.560	-16.752
855.750	1.540	-16.883
855.760	1.540	-17.322
855.770	1.540	-16.956
855.780	1.500	-16.723
855.790	1.500	-16.650
855.800	1.500	-16.438
855.810	1.440	-16.225
855.820	1.440	-16.432
855.830	1.440	-15.626
855.840	1.330	-15.706
855.850	1.330	-14.990
855.860	1.330	-14.404
855.870	1.190	-14.038
855.880	1.190	-13.824
855.890	1.190	-13.164
855.900	1.010	-12.617
855.910	1.010	-11.805
855.920	1.010	-10.291
855.930	0.760	-10.291
855.940	0.760	-9.332
855.950	0.760	-7.355
855.960	0.460	-7.355
855.970	0.460	-6.476
855.980	0.460	-4.067
855.990	0.130	-4.067
856.000	0.130	-2.848
856.010	0.130	-0.806
856.020	-0.160	-0.806
856.030	-0.160	0.732
856.040	-0.160	2.710
856.050	-0.510	2.710
856.060	-0.510	4.175
856.070	-0.510	6.665
856.080	-0.840	6.665
856.090	-0.840	7.617
856.100	-0.840	10.107
856.110	-1.130	10.107
856.120	-1.130	10.986
856.130	-1.130	13.184
856.140	-1.400	13.184
856.150	-1.400	14.136
856.160	-1.400	14.688
856.170	-1.590	15.641
856.180	-1.590	16.226
856.190	-1.590	17.252
856.200	-1.740	17.472
856.210	-1.740	18.058
856.220	-1.740	18.855
856.230	-1.850	19.155
856.240	-1.850	19.448
856.250	-1.850	20.107
856.260	-1.900	20.433
856.270	-1.900	20.506
856.280	-1.900	21.125
856.290	-1.940	20.938
856.300	-1.940	21.231
856.310	-1.940	21.296
856.320	-1.950	21.378
856.330	-1.950	21.225
856.340	-1.950	21.697
856.350	-1.960	21.430
856.360	-1.960	21.504
856.370	-1.960	21.813
856.380	-1.940	21.221
856.390	-1.940	21.407
856.400	-1.940	21.237
856.410	-1.910	21.251
856.420	-1.910	20.958
856.430	-1.910	21.422
856.440	-1.900	20.830
856.450	-1.900	21.097
856.460	-1.900	21.341
856.470	-1.950	20.978
856.480	-1.950	21.245
856.490	-1.950	21.473
856.500	-2.010	21.717
856.510	-2.010	21.865
856.520	-2.010	22.158
856.530	-2.010	21.621
856.540	-2.010	21.887
856.550	-2.010	21.667
856.560	-1.900	21.157
856.570	-1.900	20.917
856.580	-1.900	20.347
856.590	-1.690	19.733
856.600	-1.690	19.326
856.610	-1.690	18.220
856.620	-1.410	17.487
856.630	-1.410	16.828
856.640	-1.410	15.770
856.650	-1.200	14.791
856.660	-1.200	14.032
856.670	-1.200	13.251
856.680	-0.980	12.575
856.690	-0.980	11.424
856.700	-0.980	9.999
856.710	-0.620	9.094
856.720	-0.620	7.792
856.730	-0.620	6.620
856.740	-0.230	5.414
856.750	-0.230	4.196
856.760	-0.230	1.429
856.770	0.150	1.429
856.780	0.150	0.110
856.790	0.150	-2.234
856.800	0.410	-2.234
856.810	0.410	-3.232
856.820	0.410	-5.373
856.830	0.670	-6.112
856.840	0.670	-6.112
856.850	0.670	-7.064
856.860	0.900	-7.737
856.870	0.900	-8.990
856.880	0.900	-9.723
856.890	1.120	-10.528
856.900	1.120	-11.481
856.910	1.120	-12.652
856.920	1.320	-12.652
856.930	1.320	-13.531
856.940	1.320	-14.850
856.950	1.470	-14.850
856.960	1.470	-15.755
856.970	1.470	-16.772
856.980	1.580	-16.772
856.990	1.580	-16.919
857.000	1.580	-17.944
857.010	1.660	-17.944
857.020	1.660	-18.091
857.030	1.660	-18.457
857.040	1.710	-18.457
857.050	1.710	-18.604
857.060	1.710	-18.823
857.070	1.720	-18.823
857.080	1.720	-18.896
857.090	1.720	-18.970
857.100	1.730	-18.970
857.110	1.730	-19.043
857.120	1.730	-19.409
857.130	1.780	-19.409
857.140	1.780	-19.556
857.150	1.780	-19.629
857.160	1.840	-19.629
857.170	1.840	-19.922
857.180	1.840	-20.508
857.190	1.890	-20.508
857.200	1.890	-20.455
857.210	1.890	-20.682
857.220	1.900	-20.842
857.230	1.900	-20.696
857.240	1.900	-21.469
857.250	1.930	-21.063
857.260	1.930	-21.282
857.270	1.930	-21.437
857.280	1.960	-21.450
857.290	1.960	-21.304
857.300	1.960	-21.666
857.310	1.920	-21.319
857.320	1.920	-21.305
857.330	1.920	-21.696
857.340	1.850	-20.756
857.350	1.850	-20.723
857.360	1.850	-20.788
857.370	1.760	-20.241
857.380	1.760	-20.154
857.390	1.760	-19.731
857.400	1.640	-19.056
857.410	1.640	-18.882
857.420	1.640	-18.150
857.430	1.460	-17.173
857.440	1.460	-17.047
857.450	1.460	-16.274
857.460	1.280	-15.476
857.470	1.280	-14.771
857.480	1.280	-14.038
857.490	1.040	-13.143
857.500	1.040	-12.337
857.510	1.040	-11.556
857.520	0.830	-10.903
857.530	0.830	-10.252
857.540	0.830	-9.374
857.550	0.600	-8.648
857.560	0.600	-7.477
857.570	0.600	-6.614
857.580	0.300	-5.442
857.590	0.300	-3.758
857.600	0.300	-2.581
857.610	-0.030	-2.581
857.620	-0.030	-1.508
857.630	-0.030	-0.036
857.640	-0.370	1.356
857.650	-0.370	2.421
857.660	-0.370	3.707
857.670	-0.700	4.749
857.680	-0.700	5.848
857.690	-0.700	7.239
857.700	-0.970	8.498
857.710	-0.970	9.519
857.720	-0.970	10.796
857.730	-1.240	11.675
857.740	-1.240	12.408
857.750	-1.240	13.653
857.760	-1.490	14.244
857.770	-1.490	14.904
857.780	-1.490	16.157
857.790	-1.700	16.497
857.800	-1.700	17.606
857.810	-1.700	18.363
857.820	-1.810	18.676
857.830	-1.810	19.262
857.840	-1.810	19.994
857.850	-1.910	20.014
857.860	-1.910	20.399
857.870	-1.910	21.131
857.880	-1.960	20.850
857.890	-1.960	21.390
857.900	-1.960	21.593
857.910	-1.990	21.593
857.920	-1.990	22.086
857.930	-1.990	22.013
857.940	-2.040	22.359
857.950	-2.040	22.513
857.960	-2.040	22.440
857.970	-2.050	22.440
857.980	-2.050	22.640
857.990	-2.050	22.339
858.000	-1.980	22.339
858.010	-1.980	21.826
858.020	-1.980	21.167
858.030	-1.890	21.167
858.040	-1.890	21.313
858.050	-1.890	20.801
858.060	-1.840	20.801
858.070	-1.840	20.581
858.080	-1.840	20.068
858.090	-1.820	20.068
858.100	-1.820	19.775
858.110	-1.820	19.775
858.120	-1.780	19.775
858.130	-1.780	19.482
858.140	-1.780	18.896
858.150	-1.700	18.896
858.160	-1.700	18.750
858.170	-1.700	18.384
858.180	-1.600	18.384
858.190	-1.600	18.164
858.200	-1.600	17.432
858.210	-1.560	17.432
858.220	-1.560	17.285
858.230	-1.560	16.846
858.240	-1.510	16.846
858.250	-1.510	16.699
858.260	-1.510	15.747
858.270	-1.380	15.747
858.280	-1.380	15.820
858.290	-1.380	14.575
858.300	-1.240	14.575
858.310	-1.240	14.062
858.320	-1.240	12.891
858.330	-1.090	12.891
858.340	-1.090	12.598
858.350	-1.090	10.547
858.360	-0.830	10.547
858.370	-0.830	10.400
858.380	-0.830	8.569
858.390	-0.640	8.569
858.400	-0.640	7.764
858.410	-0.640	6.079
858.420	-0.410	6.079
858.430	-0.410	5.273
858.440	-0.410	3.516
858.450	-0.130	3.516
858.460	-0.130	2.710
858.470	-0.130	0.586
858.480	0.130	0.586
858.490	0.130	-0.220
858.500	0.130	-2.197
858.510	0.360	-2.197
858.520	0.360	-3.149
858.530	0.360	-4.834
858.540	0.600	-4.834
858.550	0.600	-5.786
858.560	0.600	-7.617
858.570	0.890	-7.617
858.580	0.890	-8.276
858.590	0.890	-10.327
858.600	1.110	-10.327
858.610	1.110	-10.767
858.620	1.110	-12.891
858.630	1.280	-12.891
858.640	1.280	-13.403
858.650	1.280	-14.941
858.660	1.500	-14.941
858.670	1.500	-15.601
858.680	1.500	-16.553
858.690	1.660	-17.065
858.700	1.660	-17.505
858.710	1.660	-18.384
858.720	1.790	-18.697
858.730	1.790	-19.063
858.740	1.790	-19.714
858.750	1.860	-19.887
858.760	1.860	-20.025
858.770	1.860	-20.465
858.780	1.910	-20.418
858.790	1.910	-20.785
858.800	1.910	-21.248
858.810	1.990	-21.188
858.820	1.990	-21.714
858.830	1.990	-21.787
858.840	2.040	-21.868
858.850	2.040	-22.135
858.860	2.040	-22.704
858.870	2.070	-22.431
858.880	2.070	-23.105
858.890	2.070	-23.178
858.900	2.080	-23.000
858.910	2.080	-23.060
858.920	2.080	-23.223
858.930	2.090	-23.296
858.940	2.090	-23.516
858.950	2.090	-23.174
858.960	2.090	-23.174
858.970	2.090	-23.374
858.980	2.090	-22.967
858.990	2.060	-22.967
859.000	2.060	-22.974
859.010	2.060	-22.754
859.020	1.980	-22.199
859.030	1.980	-21.760
859.040	1.980	-21.621
859.050	1.870	-21.621
859.060	1.870	-21.109
859.070	1.870	-20.962
859.080	1.760	-20.010
859.090	1.760	-19.717
859.100	1.760	-19.481
859.110	1.640	-19.188
859.120	1.640	-18.595
859.130	1.640	-18.376
859.140	1.450	-17.229
859.150	1.450	-16.423
859.160	1.450	-15.984
859.170	1.210	-14.865
859.180	1.210	-14.377
859.190	1.210	-13.645
859.200	0.940	-12.342
859.210	0.940	-11.537
859.220	0.940	-10.650
859.230	0.640	-9.305
859.240	0.640	-8.417
859.250	0.640	-7.172
859.260	0.260	-5.707
859.270	0.260	-4.775
859.280	0.260	-3.579
859.290	-0.120	-2.154
859.300	-0.120	-0.762
859.310	-0.120	0.939
859.320	-0.500	2.322
859.330	-0.500	3.687
859.340	-0.500	4.810
859.350	-0.790	5.949
859.360	-0.790	7.121
859.370	-0.790	8.748
859.380	-1.060	9.554
859.390	-1.060	10.766
859.400	-1.060	11.645
859.410	-1.280	12.081
859.420	-1.280	13.107
859.430	-1.280	13.880
859.440	-1.460	14.466
859.450	-1.460	15.305
859.460	-1.460	16.037
859.470	-1.590	16.007
859.480	-1.590	16.740
859.490	-1.590	17.082
859.500	-1.660	17.408
859.510	-1.660	18.192
859.520	-1.660	18.119
859.530	-1.700	18.045
859.540	-1.700	18.338
859.550	-1.700	18.484
859.560	-1.720	18.859
859.570	-1.720	19.092
859.580	-1.720	19.165
859.590	-1.750	18.943
859.600	-1.750	19.276
859.610	-1.750	19.439
859.620	-1.830	19.752
859.630	-1.830	20.233
859.640	-1.830	20.526
859.650	-1.900	20.605
859.660	-1.900	20.085
859.670	-1.900	20.695
859.680	-1.910	20.768
859.690	-1.910	21.308
859.700	-1.910	21.161
859.710	-1.910	20.947
859.720	-1.910	21.000
859.730	-1.910	21.081
859.740	-1.930	21.301
859.750	-1.930	21.148
859.760	-1.930	21.587
859.770	-1.960	20.877
859.780	-1.960	21.243
859.790	-1.960	21.089
859.800	-1.930	21.035
859.810	-1.930	21.168
859.820	-1.930	21.095
859.830	-1.850	20.733
859.840	-1.850	20.074
859.850	-1.850	20.375
859.860	-1.790	20.082
859.870	-1.790	20.401
859.880	-1.790	20.108
859.890	-1.750	19.524
859.900	-1.750	19.211
859.910	-1.750	18.885
859.920	-1.590	18.306
859.930	-1.590	17.936
859.940	-1.590	17.863
859.950	-1.380	16.783
859.960	-1.380	16.343
859.970	-1.380	15.839
859.980	-1.260	14.793
859.990	-1.260	14.808
860.000	-1.260	14.149
860.010	-1.140	13.476
