%Time [ms]	Commanded Torque [mNm]	Angular Velocity [RPM]	Actual Current [Amp]	%9/23/20259:54 AM
0.000	0.000	0.000	0.000
4166220.000	2.000	0.000	0.004
20.000	2.000	0.000	0.003
30.000	2.000	0.000	0.003
40.000	2.000	0.000	0.006
50.000	2.000	0.000	0.007
60.000	2.000	0.000	0.007
70.000	2.000	0.000	0.007
80.000	2.000	0.000	0.012
90.000	2.000	0.000	0.007
100.000	2.000	0.000	0.008
110.000	2.000	0.000	0.007
120.000	2.000	0.000	0.008
130.000	2.000	0.000	0.008
140.000	2.000	0.000	0.008
150.000	2.000	0.000	0.007
160.000	2.000	0.000	0.007
170.000	2.000	0.000	0.013
180.000	2.000	0.000	0.012
190.000	2.000	0.000	0.006
200.000	2.000	0.000	0.003
210.000	2.000	0.000	0.008
220.000	2.000	0.000	0.006
230.000	2.000	0.000	0.012
240.000	2.000	0.000	0.006
250.000	2.000	0.000	0.006
260.000	2.000	0.000	0.006
270.000	2.000	0.000	0.004
280.000	2.000	0.000	0.006
290.000	2.000	0.000	0.006
300.000	2.000	0.000	0.006
310.000	2.000	0.000	0.008
320.000	2.000	0.000	0.008
330.000	2.000	0.000	-0.000
340.000	2.000	0.000	0.006
350.000	2.000	0.000	0.006
360.000	2.000	0.000	0.006
370.000	2.000	0.000	0.006
380.000	2.000	0.000	0.004
390.000	2.000	0.000	0.006
400.000	2.000	0.000	0.004
410.000	2.000	0.000	0.006
420.000	2.000	0.000	0.004
430.000	2.000	0.000	-0.005
440.000	2.000	0.000	0.004
450.000	2.000	0.000	0.007
460.000	2.000	0.000	0.004
470.000	2.000	0.000	0.004
480.000	2.000	0.000	0.003
490.000	2.000	0.000	0.006
500.000	2.000	0.000	0.007
510.000	2.000	0.000	0.004
520.000	2.000	0.000	0.006
530.000	2.000	0.000	0.003
540.000	2.000	0.000	0.006
550.000	2.000	0.000	0.004
560.000	2.000	0.000	0.003
570.000	2.000	0.000	0.004
580.000	2.000	0.000	0.008
590.000	2.000	0.000	0.006
600.000	2.000	0.000	0.004
610.000	2.000	0.000	0.004
620.000	2.000	0.000	0.007
630.000	2.000	0.000	0.004
640.000	2.000	0.000	0.004
650.000	2.000	0.000	0.006
660.000	2.000	0.000	0.004
670.000	2.000	0.000	-0.004
680.000	2.000	0.000	0.002
690.000	2.000	0.000	0.007
700.000	2.000	0.000	0.006
710.000	2.000	0.000	0.004
720.000	2.000	0.081	0.004
730.000	2.000	0.081	0.003
740.000	2.000	0.081	0.007
750.000	2.000	0.081	0.006
760.000	2.000	0.081	0.007
770.000	2.000	0.081	0.007
780.000	2.000	0.081	0.004
790.000	2.000	0.081	0.006
800.000	2.000	0.081	0.004
810.000	2.000	0.081	0.003
820.000	2.000	0.000	0.001
830.000	2.000	0.000	0.001
840.000	2.000	0.000	0.006
850.000	2.000	0.000	0.006
860.000	2.000	0.000	0.003
870.000	2.000	0.000	0.006
880.000	2.000	0.000	0.009
890.000	2.000	0.000	0.004
900.000	2.000	0.000	0.006
910.000	2.000	0.000	0.006
920.000	2.000	0.000	-0.002
930.000	2.000	0.000	0.004
940.000	2.000	0.000	0.003
950.000	2.000	0.000	0.006
960.000	2.000	0.000	0.009
970.000	2.000	0.000	0.004
980.000	2.000	0.000	0.004
990.000	2.000	0.000	0.004
1000.000	2.000	0.000	0.006
1010.000	2.000	0.000	0.006
1020.000	2.000	0.000	0.006
1030.000	2.000	0.000	0.004
1040.000	2.000	0.000	0.004
1050.000	2.000	-0.073	0.020
1060.000	2.000	-0.073	0.048
1070.000	2.000	-0.073	0.048
1080.000	2.000	-0.073	0.062
1090.000	2.000	-0.073	0.070
1100.000	2.000	-0.073	0.070
1110.000	2.000	-0.146	0.076
1120.000	2.000	-0.220	0.081
1130.000	2.000	-0.220	0.081
1140.000	2.000	-0.220	0.080
1150.000	2.000	-0.220	0.083
1160.000	2.000	-0.220	0.083
1170.000	2.000	-0.293	0.084
1180.000	2.000	-0.439	0.081
1190.000	2.000	-0.439	0.081
1200.000	2.000	-0.513	0.081
1210.000	2.000	-0.586	0.085
1220.000	2.000	-0.586	0.085
1230.000	2.000	-0.586	0.083
1240.000	2.000	-0.732	0.084
1250.000	2.000	-0.732	0.084
1260.000	2.000	-0.806	0.086
1270.000	2.000	-0.806	0.084
1280.000	2.000	-0.806	0.085
1290.000	2.000	-0.806	0.085
1300.000	2.000	-0.806	0.085
1310.000	2.000	-0.799	0.084
1320.000	2.000	-0.799	0.085
1330.000	2.000	-0.807	0.085
1340.000	2.000	-0.807	0.086
1350.000	2.000	-0.734	0.085
1360.000	2.000	-0.734	0.084
1370.000	2.000	-0.727	0.079
1380.000	2.000	-0.727	0.086
1390.000	2.000	-0.729	0.084
1400.000	2.000	-0.729	0.084
1410.000	2.000	-0.825	0.086
1420.000	2.000	-0.817	0.086
1430.000	2.000	-0.817	0.086
1440.000	2.000	-0.890	0.085
1450.000	2.000	-1.036	0.087
1460.000	2.000	-1.036	0.087
1470.000	2.000	-1.116	0.086
1480.000	2.000	-1.255	0.085
1490.000	2.000	-1.255	0.085
1500.000	2.000	-1.335	0.087
1510.000	2.000	-1.392	0.085
1520.000	2.000	-1.392	0.085
1530.000	2.000	-1.465	0.085
1540.000	2.000	-1.465	0.085
1550.000	2.000	-1.465	0.084
1560.000	2.000	-1.392	0.085
1570.000	2.000	-1.392	0.083
1580.000	2.000	-1.312	0.085
1590.000	2.000	-1.312	0.086
1600.000	2.000	-1.328	0.083
1610.000	2.000	-1.328	0.085
1620.000	2.000	-1.328	0.085
1630.000	2.000	-1.401	0.085
1640.000	2.000	-1.454	0.086
1650.000	2.000	-1.601	0.084
1660.000	2.000	-1.617	0.083
1670.000	2.000	-1.537	0.079
1680.000	2.000	-1.634	0.087
1690.000	2.000	-1.634	0.086
1700.000	2.000	-1.537	0.085
1710.000	2.000	-1.537	0.087
1720.000	2.000	-1.472	0.084
1730.000	2.000	-1.319	0.098
1740.000	2.000	-1.201	0.084
1750.000	2.000	-1.127	0.085
1760.000	2.000	-1.031	0.087
1770.000	2.000	-1.038	0.089
1780.000	2.000	-1.022	0.085
1790.000	2.000	-0.948	0.085
1800.000	2.000	-1.045	0.085
1810.000	2.000	-0.971	0.086
1820.000	2.000	-1.023	0.085
1830.000	2.000	-1.103	0.084
1840.000	2.000	-1.184	0.085
1850.000	2.000	-1.184	0.085
1860.000	2.000	-1.264	0.085
1870.000	2.000	-1.338	0.085
1880.000	2.000	-1.258	0.083
1890.000	2.000	-1.331	0.085
1900.000	2.000	-1.250	0.084
1910.000	2.000	-1.250	0.085
1920.000	2.000	-1.190	0.083
1930.000	2.000	-1.116	0.084
1940.000	2.000	-1.020	0.087
1950.000	2.000	-1.020	0.084
1960.000	2.000	-0.955	0.084
1970.000	2.000	-0.882	0.084
1980.000	2.000	-0.962	0.085
1990.000	2.000	-0.889	0.085
2000.000	2.000	-0.874	0.086
2010.000	2.000	-0.947	0.084
2020.000	2.000	-0.955	0.089
2030.000	2.000	-1.015	0.085
2040.000	2.000	-1.111	0.086
2050.000	2.000	-1.111	0.084
2060.000	2.000	-1.163	0.083
2070.000	2.000	-1.163	0.085
2080.000	2.000	-1.179	0.086
2090.000	2.000	-1.239	0.086
2100.000	2.000	-1.254	0.085
2110.000	2.000	-1.173	0.086
2120.000	2.000	-1.173	0.086
2130.000	2.000	-1.113	0.085
2140.000	2.000	-0.950	0.085
2150.000	2.000	-0.950	0.085
2160.000	2.000	-0.890	0.089
2170.000	2.000	-0.874	0.087
2180.000	2.000	-0.874	0.087
2190.000	2.000	-0.814	0.083
2200.000	2.000	-0.806	0.083
2210.000	2.000	-0.806	0.083
2220.000	2.000	-0.806	0.089
2230.000	2.000	-0.806	0.085
2240.000	2.000	-0.806	0.085
2250.000	2.000	-0.879	0.084
2260.000	2.000	-0.952	0.089
2270.000	2.000	-0.952	0.089
2280.000	2.000	-0.952	0.085
2290.000	2.000	-1.099	0.085
2300.000	2.000	-1.099	0.085
2310.000	2.000	-1.172	0.086
2320.000	2.000	-1.245	0.086
2330.000	2.000	-1.245	0.086
2340.000	2.000	-1.318	0.085
2350.000	2.000	-1.318	0.084
2360.000	2.000	-1.318	0.084
2370.000	2.000	-1.245	0.080
2380.000	2.000	-1.232	0.085
2390.000	2.000	-1.159	0.085
2400.000	2.000	-1.175	0.085
2410.000	2.000	-1.102	0.086
2420.000	2.000	-1.102	0.086
2430.000	2.000	-1.175	0.086
2440.000	2.000	-1.175	0.085
2450.000	2.000	-1.235	0.085
2460.000	2.000	-1.235	0.086
2470.000	2.000	-1.406	0.084
2480.000	2.000	-1.492	0.084
2490.000	2.000	-1.565	0.086
2500.000	2.000	-1.549	0.086
2510.000	2.000	-1.609	0.085
2520.000	2.000	-1.536	0.080
2530.000	2.000	-1.552	0.085
2540.000	2.000	-1.479	0.085
2550.000	2.000	-1.419	0.086
2560.000	2.000	-1.419	0.086
2570.000	2.000	-1.241	0.083
2580.000	2.000	-1.095	0.084
2590.000	2.000	-1.111	0.086
2600.000	2.000	-1.038	0.086
2610.000	2.000	-0.978	0.086
2620.000	2.000	-1.051	0.083
2630.000	2.000	-1.022	0.084
2640.000	2.000	-1.022	0.086
2650.000	2.000	-1.193	0.085
2660.000	2.000	-1.179	0.086
2670.000	2.000	-1.275	0.083
2680.000	2.000	-1.332	0.086
2690.000	2.000	-1.332	0.086
2700.000	2.000	-1.332	0.086
2710.000	2.000	-1.406	0.084
2720.000	2.000	-1.332	0.086
2730.000	2.000	-1.346	0.087
2740.000	2.000	-1.175	0.085
2750.000	2.000	-1.175	0.085
2760.000	2.000	-1.108	0.085
2770.000	2.000	-1.092	0.080
2780.000	2.000	-1.019	0.084
2790.000	2.000	-0.945	0.083
2800.000	2.000	-0.954	0.085
2810.000	2.000	-0.874	0.083
2820.000	2.000	-0.947	0.084
2830.000	2.000	-0.882	0.085
2840.000	2.000	-0.882	0.085
2850.000	2.000	-0.882	0.086
2860.000	2.000	-0.962	0.086
2870.000	2.000	-0.962	0.079
2880.000	2.000	-0.962	0.084
2890.000	2.000	-1.035	0.084
2900.000	2.000	-1.020	0.085
2910.000	2.000	-1.027	0.084
2920.000	2.000	-0.962	0.084
2930.000	2.000	-0.947	0.087
2940.000	2.000	-0.947	0.086
2950.000	2.000	-0.955	0.084
2960.000	2.000	-0.809	0.084
2970.000	2.000	-0.735	0.087
2980.000	2.000	-0.744	0.084
2990.000	2.000	-0.597	0.084
3000.000	2.000	-0.604	0.084
3010.000	2.000	-0.530	0.085
3020.000	2.000	-0.449	0.083
3030.000	2.000	-0.456	0.083
3040.000	2.000	-0.382	0.085
3050.000	2.000	-0.301	0.084
3060.000	2.000	-0.374	0.085
3070.000	2.000	-0.301	0.087
3080.000	2.000	-0.220	0.085
3090.000	2.000	-0.220	0.085
3100.000	2.000	-0.228	0.089
3110.000	2.000	-0.228	0.085
3120.000	2.000	-0.228	0.080
3130.000	2.000	-0.155	0.087
3140.000	2.000	-0.155	0.085
3150.000	2.000	-0.155	0.084
3160.000	2.000	-0.081	0.083
3170.000	2.000	-0.081	0.069
3180.000	2.000	-0.081	0.086
3190.000	2.000	-0.081	0.084
3200.000	2.000	0.000	0.086
3210.000	2.000	0.000	0.085
3220.000	2.000	0.073	0.086
3230.000	2.000	0.073	0.086
3240.000	2.000	0.073	0.084
3250.000	2.000	0.146	0.085
3260.000	2.000	0.146	0.085
3270.000	2.000	0.146	0.083
3280.000	2.000	0.220	0.085
3290.000	2.000	0.220	0.085
3300.000	2.000	0.220	0.084
3310.000	2.000	0.220	0.079
3320.000	2.000	0.220	0.079
3330.000	2.000	0.293	0.085
3340.000	2.000	0.293	0.086
3350.000	2.000	0.293	0.086
3360.000	2.000	0.366	0.085
3370.000	2.000	0.439	0.087
3380.000	2.000	0.439	0.087
3390.000	2.000	0.513	0.087
3400.000	2.000	0.513	0.085
3410.000	2.000	0.513	0.085
3420.000	2.000	0.659	0.081
3430.000	2.000	0.659	0.085
3440.000	2.000	0.659	0.085
3450.000	2.000	0.732	0.086
3460.000	2.000	0.732	0.080
3470.000	2.000	0.732	0.080
3480.000	2.000	0.732	0.084
3490.000	2.000	0.732	0.085
3500.000	2.000	0.732	0.085
3510.000	2.000	0.732	0.085
3520.000	2.000	0.659	0.094
3530.000	2.000	0.659	0.084
3540.000	2.000	0.586	0.084
3550.000	2.000	0.586	0.086
3560.000	2.000	0.579	0.087
3570.000	2.000	0.579	0.084
3580.000	2.000	0.506	0.083
3590.000	2.000	0.573	0.084
3600.000	2.000	0.499	0.085
3610.000	2.000	0.508	0.085
3620.000	2.000	0.434	0.089
3630.000	2.000	0.434	0.085
3640.000	2.000	0.516	0.085
3650.000	2.000	0.442	0.086
3660.000	2.000	0.449	0.084
3670.000	2.000	0.376	0.089
3680.000	2.000	0.442	0.084
3690.000	2.000	0.376	0.085
3700.000	2.000	0.457	0.084
3710.000	2.000	0.376	0.086
3720.000	2.000	0.449	0.090
3730.000	2.000	0.376	0.084
3740.000	2.000	0.361	0.084
3750.000	2.000	0.361	0.087
3760.000	2.000	0.288	0.084
3770.000	2.000	0.354	0.079
3780.000	2.000	0.288	0.085
3790.000	2.000	0.369	0.085
3800.000	2.000	0.288	0.083
3810.000	2.000	0.288	0.086
3820.000	2.000	0.296	0.080
3830.000	2.000	0.296	0.084
3840.000	2.000	0.229	0.085
3850.000	2.000	0.311	0.090
3860.000	2.000	0.311	0.083
3870.000	2.000	0.244	0.086
3880.000	2.000	0.244	0.086
3890.000	2.000	0.163	0.084
3900.000	2.000	0.163	0.083
3910.000	2.000	0.244	0.086
3920.000	2.000	0.163	0.083
3930.000	2.000	0.163	0.084
3940.000	2.000	0.163	0.085
3950.000	2.000	0.081	0.085
3960.000	2.000	0.081	0.086
3970.000	2.000	0.081	0.083
3980.000	2.000	0.081	0.085
3990.000	2.000	0.081	0.084
4000.000	2.000	0.081	0.085
4010.000	2.000	0.000	0.084
4020.000	2.000	-0.073	0.087
4030.000	2.000	-0.073	0.083
4040.000	2.000	-0.073	0.086
4050.000	2.000	-0.073	0.085
4060.000	2.000	-0.073	0.085
4070.000	2.000	-0.073	0.084
4080.000	2.000	-0.146	0.085
4090.000	2.000	-0.146	0.085
4100.000	2.000	-0.146	0.084
4110.000	2.000	-0.220	0.084
4120.000	2.000	-0.146	0.085
4130.000	2.000	-0.213	0.085
4140.000	2.000	-0.213	0.086
4150.000	2.000	-0.213	0.085
4160.000	2.000	-0.280	0.085
4170.000	2.000	-0.280	0.089
4180.000	2.000	-0.206	0.086
4190.000	2.000	-0.206	0.087
4200.000	2.000	-0.280	0.086
4210.000	2.000	-0.206	0.085
4220.000	2.000	-0.273	0.087
4230.000	2.000	-0.206	0.087
4240.000	2.000	-0.206	0.086
4250.000	2.000	-0.280	0.085
4260.000	2.000	-0.213	0.086
4270.000	2.000	-0.213	0.090
4280.000	2.000	-0.286	0.084
4290.000	2.000	-0.286	0.084
4300.000	2.000	-0.213	0.084
4310.000	2.000	-0.213	0.086
4320.000	2.000	-0.220	0.084
4330.000	2.000	-0.220	0.085
4340.000	2.000	-0.220	0.085
4350.000	2.000	-0.228	0.083
4360.000	2.000	-0.228	0.083
4370.000	2.000	-0.228	0.085
4380.000	2.000	-0.228	0.085
4390.000	2.000	-0.228	0.084
4400.000	2.000	-0.228	0.087
4410.000	2.000	-0.228	0.085
4420.000	2.000	-0.155	0.089
4430.000	2.000	-0.221	0.086
4440.000	2.000	-0.221	0.086
4450.000	2.000	-0.140	0.086
4460.000	2.000	-0.140	0.084
4470.000	2.000	-0.140	0.083
4480.000	2.000	-0.140	0.087
4490.000	2.000	-0.140	0.086
4500.000	2.000	-0.140	0.086
4510.000	2.000	-0.140	0.084
4520.000	2.000	-0.140	0.085
4530.000	2.000	-0.073	0.084
4540.000	2.000	-0.073	0.085
4550.000	2.000	-0.073	0.087
4560.000	2.000	-0.073	0.087
4570.000	2.000	-0.073	0.079
4580.000	2.000	0.000	0.086
4590.000	2.000	0.000	0.084
4600.000	2.000	0.000	0.079
4610.000	2.000	0.000	0.087
4620.000	2.000	0.000	0.090
4630.000	2.000	0.000	0.085
4640.000	2.000	0.000	0.084
4650.000	2.000	0.000	0.086
4660.000	2.000	0.000	0.083
4670.000	2.000	0.000	0.084
4680.000	2.000	0.000	0.086
4690.000	2.000	0.000	0.084
4700.000	2.000	0.000	0.084
4710.000	2.000	0.000	0.087
4720.000	2.000	0.000	0.084
4730.000	2.000	0.000	0.086
4740.000	2.000	0.073	0.084
4750.000	2.000	0.073	0.086
4760.000	2.000	0.073	0.085
4770.000	2.000	0.073	0.089
4780.000	2.000	0.073	0.086
4790.000	2.000	0.073	0.086
4800.000	2.000	0.146	0.087
4810.000	2.000	0.146	0.087
4820.000	2.000	0.146	0.097
4830.000	2.000	0.146	0.084
4840.000	2.000	0.146	0.086
4850.000	2.000	0.146	0.086
4860.000	2.000	0.146	0.084
4870.000	2.000	0.146	0.084
4880.000	2.000	0.213	0.086
4890.000	2.000	0.213	0.085
4900.000	2.000	0.140	0.085
4910.000	2.000	0.140	0.086
4920.000	2.000	0.140	0.085
4930.000	2.000	0.221	0.086
4940.000	2.000	0.148	0.084
4950.000	2.000	0.148	0.084
4960.000	2.000	0.148	0.085
4970.000	2.000	0.148	0.085
4980.000	2.000	0.081	0.086
4990.000	2.000	0.155	0.085
5000.000	2.000	0.155	0.085
5010.000	2.000	0.155	0.085
5020.000	2.000	0.073	0.085
5030.000	2.000	0.073	0.085
5040.000	2.000	0.073	0.085
5050.000	2.000	0.146	0.086
5060.000	2.000	0.146	0.086
5070.000	2.000	0.146	0.085
5080.000	2.000	0.146	0.085
5090.000	2.000	0.073	0.085
5100.000	2.000	0.073	0.084
5110.000	2.000	0.073	0.083
5120.000	2.000	0.073	0.083
5130.000	2.000	0.073	0.084
5140.000	2.000	0.073	0.085
5150.000	2.000	0.073	0.085
5160.000	2.000	0.073	0.085
5170.000	2.000	0.073	0.085
5180.000	2.000	0.073	0.085
5190.000	2.000	0.073	0.086
5200.000	2.000	0.073	0.085
5210.000	2.000	0.073	0.085
5220.000	2.000	0.073	0.086
5230.000	2.000	0.073	0.085
5240.000	2.000	0.073	0.085
5250.000	2.000	0.073	0.083
5260.000	2.000	0.000	0.090
5270.000	2.000	0.000	0.090
5280.000	2.000	0.000	0.085
5290.000	2.000	0.000	0.084
5300.000	2.000	0.000	0.084
5310.000	2.000	0.000	0.086
5320.000	2.000	-0.073	0.085
5330.000	2.000	-0.073	0.085
5340.000	2.000	-0.073	0.084
5350.000	2.000	-0.073	0.087
5360.000	2.000	-0.073	0.087
5370.000	2.000	-0.146	0.081
5380.000	2.000	-0.146	0.085
5390.000	2.000	-0.146	0.086
5400.000	2.000	-0.146	0.083
5410.000	2.000	-0.073	0.087
5420.000	2.000	-0.073	0.086
5430.000	2.000	-0.073	0.086
5440.000	2.000	-0.146	0.083
5450.000	2.000	-0.146	0.083
5460.000	2.000	-0.146	0.084
5470.000	2.000	-0.073	0.086
5480.000	2.000	-0.073	0.086
5490.000	2.000	-0.073	0.084
5500.000	2.000	-0.073	0.086
5510.000	2.000	-0.073	0.086
5520.000	2.000	-0.146	0.087
5530.000	2.000	-0.146	0.085
5540.000	2.000	-0.146	0.085
5550.000	2.000	-0.073	0.080
5560.000	2.000	-0.073	0.090
5570.000	2.000	-0.073	0.090
5580.000	2.000	-0.073	0.086
5590.000	2.000	-0.073	0.086
5600.000	2.000	-0.073	0.086
5610.000	2.000	-0.146	0.085
5620.000	2.000	-0.073	0.085
5630.000	2.000	-0.073	0.085
5640.000	2.000	-0.073	0.086
5650.000	2.000	-0.073	0.085
5660.000	2.000	-0.073	0.085
5670.000	2.000	-0.073	0.079
5680.000	2.000	-0.073	0.086
5690.000	2.000	-0.073	0.086
5700.000	2.000	-0.073	0.085
5710.000	2.000	0.000	0.084
5720.000	2.000	0.000	0.084
5730.000	2.000	0.000	0.086
5740.000	2.000	0.000	0.084
5750.000	2.000	0.000	0.084
5760.000	2.000	0.000	0.085
5770.000	2.000	0.000	0.090
5780.000	2.000	0.000	0.085
5790.000	2.000	0.000	0.085
5800.000	2.000	0.000	0.086
5810.000	2.000	0.000	0.081
5820.000	2.000	0.000	0.087
5830.000	2.000	0.000	0.085
5840.000	2.000	0.000	0.085
5850.000	2.000	0.000	0.086
5860.000	2.000	0.000	0.086
5870.000	2.000	0.000	0.086
5880.000	2.000	0.000	0.086
5890.000	2.000	0.000	0.084
5900.000	2.000	0.000	0.087
5910.000	2.000	0.000	0.085
5920.000	2.000	0.000	0.083
5930.000	2.000	0.000	0.085
5940.000	2.000	0.000	0.085
5950.000	2.000	0.000	0.073
5960.000	2.000	0.000	0.073
5970.000	2.000	0.073	0.083
5980.000	2.000	0.073	0.085
5990.000	2.000	0.073	0.084
6000.000	2.000	0.073	0.085
6010.000	2.000	0.073	0.085
6020.000	2.000	0.073	0.086
6030.000	2.000	0.073	0.086
6040.000	2.000	0.073	0.084
6050.000	2.000	0.073	0.072
6060.000	2.000	0.073	0.053
6070.000	2.000	0.081	0.046
6080.000	2.000	0.081	0.031
6090.000	2.000	0.081	0.025
6100.000	2.000	0.081	0.017
6110.000	2.000	0.081	0.013
6120.000	2.000	0.155	0.012
6130.000	2.000	0.155	0.009
6140.000	2.000	0.155	0.007
6150.000	2.000	0.228	0.007
6160.000	2.000	0.309	0.007
6170.000	2.000	0.228	0.004
6180.000	2.000	0.228	0.008
6190.000	2.000	0.309	0.004
6200.000	2.000	0.309	0.006
6210.000	2.000	0.382	0.008
6220.000	2.000	0.391	0.008
6230.000	2.000	0.457	0.006
6240.000	2.000	0.457	0.006
6250.000	2.000	0.457	0.007
6260.000	2.000	0.449	0.003
6270.000	2.000	0.522	0.004
6280.000	2.000	0.604	0.006
6290.000	2.000	0.589	0.003
6300.000	2.000	0.662	0.006
6310.000	2.000	0.662	0.006
6320.000	2.000	0.654	0.006
6330.000	2.000	0.661	0.003
6340.000	2.000	0.742	0.006
6350.000	2.000	0.735	0.004
6360.000	2.000	0.735	0.008
6370.000	2.000	0.744	0.002
6380.000	2.000	0.662	0.006
6390.000	2.000	0.669	0.008
6400.000	2.000	0.677	0.006
6410.000	2.000	0.670	0.010
6420.000	2.000	0.597	0.007
6430.000	2.000	0.605	0.006
6440.000	2.000	0.590	0.009
6450.000	2.000	0.524	0.009
6460.000	2.000	0.532	0.007
6470.000	2.000	0.517	0.008
6480.000	2.000	0.590	0.007
6490.000	2.000	0.517	0.007
6500.000	2.000	0.502	0.007
6510.000	2.000	0.436	0.008
6520.000	2.000	0.517	0.007
6530.000	2.000	0.502	0.006
6540.000	2.000	0.436	0.006
6550.000	2.000	0.517	-0.004
6560.000	2.000	0.436	0.001
6570.000	2.000	0.442	0.003
6580.000	2.000	0.451	0.004
6590.000	2.000	0.517	0.008
6600.000	2.000	0.451	0.010
6610.000	2.000	0.532	0.006
6620.000	2.000	0.451	0.008
6630.000	2.000	0.457	0.008
6640.000	2.000	0.457	0.006
6650.000	2.000	0.442	0.007
6660.000	2.000	0.516	0.003
6670.000	2.000	0.524	0.009
6680.000	2.000	0.442	0.007
6690.000	2.000	0.449	0.006
6700.000	2.000	0.530	0.008
6710.000	2.000	0.449	0.008
6720.000	2.000	0.522	0.012
6730.000	2.000	0.530	0.007
6740.000	2.000	0.530	0.004
6750.000	2.000	0.537	0.006
6760.000	2.000	0.537	0.006
6770.000	2.000	0.529	0.007
6780.000	2.000	0.529	0.006
6790.000	2.000	0.537	0.004
6800.000	2.000	0.456	0.004
6810.000	0.000	0.529	0.035
6820.000	0.000	0.456	0.003
6830.000	0.000	0.374	0.004
6840.000	0.000	0.448	0.006
6850.000	0.000	0.374	0.002
6860.000	0.000	0.368	-0.000
6870.000	0.000	0.294	0.002
6880.000	0.000	0.294	0.003
6890.000	0.000	0.213	0.006
6900.000	0.000	0.294	0.006
