%Time [ms]	Commanded Torque [mNm]	Angular Velocity [RPM]	Actual Current [Amp]	%9/23/20259:42 AM
0.000	0.000	0.000	0.000
3441960.000	15.000	25.391	0.007
20.000	15.000	5.859	-0.010
30.000	15.000	5.859	-0.010
40.000	15.000	5.859	-0.010
50.000	15.000	27.344	-0.002
60.000	15.000	27.344	-0.002
70.000	15.000	27.344	-0.002
80.000	15.000	9.766	-0.003
90.000	15.000	9.766	-0.003
100.000	15.000	9.766	-0.003
110.000	15.000	13.672	-0.009
120.000	15.000	13.672	-0.009
130.000	15.000	13.672	-0.009
140.000	15.000	41.016	0.011
150.000	15.000	41.016	0.011
160.000	15.000	41.016	0.011
170.000	15.000	-23.437	-0.002
180.000	15.000	-23.437	-0.002
190.000	15.000	-23.437	-0.002
200.000	15.000	0.000	-0.006
210.000	15.000	0.000	-0.006
220.000	15.000	0.000	-0.006
230.000	15.000	46.875	0.013
240.000	15.000	46.875	0.013
250.000	15.000	46.875	0.013
260.000	15.000	-23.437	-0.012
270.000	15.000	-23.437	-0.012
280.000	15.000	-23.437	-0.012
290.000	15.000	29.297	0.002
300.000	15.000	29.297	0.002
310.000	15.000	29.297	0.002
320.000	15.000	-1.953	0.008
330.000	15.000	-1.953	0.008
340.000	15.000	-1.953	0.008
350.000	15.000	9.766	-0.003
360.000	15.000	9.766	-0.003
370.000	15.000	9.766	-0.003
380.000	15.000	9.766	-0.011
390.000	15.000	9.766	-0.011
400.000	15.000	9.766	-0.011
410.000	15.000	29.297	-0.013
420.000	15.000	29.297	-0.013
430.000	15.000	29.297	-0.013
440.000	15.000	-15.625	0.004
450.000	15.000	-15.625	0.004
460.000	15.000	-15.625	0.004
470.000	15.000	15.625	0.010
480.000	15.000	15.625	0.010
490.000	15.000	15.625	0.010
500.000	15.000	5.859	-0.005
510.000	15.000	5.859	-0.005
520.000	15.000	5.859	-0.005
530.000	15.000	19.531	-0.007
540.000	15.000	19.531	-0.007
550.000	15.000	19.531	-0.007
560.000	15.000	27.344	-0.011
570.000	15.000	27.344	-0.011
580.000	15.000	27.344	-0.011
590.000	15.000	35.156	0.005
600.000	15.000	35.156	0.005
610.000	15.000	35.156	0.005
620.000	15.000	5.859	0.011
630.000	15.000	5.859	0.011
640.000	15.000	5.859	0.011
650.000	15.000	31.250	0.015
660.000	15.000	31.250	0.015
670.000	15.000	31.250	0.015
680.000	15.000	3.906	0.008
690.000	15.000	3.906	0.008
700.000	15.000	3.906	0.008
710.000	15.000	7.812	-0.021
720.000	15.000	7.812	-0.021
730.000	15.000	7.812	-0.021
740.000	15.000	1.953	-0.004
750.000	15.000	1.953	-0.004
760.000	15.000	1.953	-0.004
770.000	15.000	15.625	-0.012
780.000	15.000	15.625	-0.012
790.000	15.000	15.625	-0.012
800.000	15.000	1.953	-0.015
810.000	15.000	1.953	-0.015
820.000	15.000	1.953	-0.015
830.000	15.000	29.297	-0.016
840.000	15.000	29.297	-0.016
850.000	15.000	29.297	-0.016
860.000	15.000	13.672	-0.002
870.000	15.000	13.672	-0.002
880.000	15.000	13.672	-0.002
890.000	15.000	1.953	0.005
900.000	15.000	1.953	0.005
910.000	15.000	1.953	0.005
920.000	15.000	29.297	-0.005
930.000	15.000	29.297	-0.005
940.000	15.000	29.297	-0.005
950.000	15.000	50.781	-0.006
960.000	15.000	50.781	-0.006
970.000	15.000	50.781	-0.006
980.000	15.000	27.344	0.015
990.000	15.000	27.344	0.015
1000.000	15.000	27.344	0.015
1010.000	15.000	46.875	0.003
1020.000	15.000	46.875	0.003
1030.000	15.000	46.875	0.003
1040.000	15.000	21.484	-0.002
1050.000	15.000	21.484	-0.002
1060.000	15.000	21.484	-0.002
1070.000	15.000	5.859	0.001
1080.000	15.000	5.859	0.001
1090.000	15.000	5.859	0.001
1100.000	15.000	11.719	0.239
1110.000	15.000	11.719	0.239
1120.000	15.000	11.719	0.239
1130.000	15.000	25.391	0.379
1140.000	15.000	25.391	0.379
1150.000	15.000	25.391	0.379
1160.000	15.000	60.547	0.433
1170.000	15.000	60.547	0.433
1180.000	15.000	60.547	0.433
1190.000	15.000	103.516	0.415
1200.000	15.000	103.516	0.415
1210.000	15.000	103.516	0.415
1220.000	15.000	144.531	0.456
1230.000	15.000	144.531	0.456
1240.000	15.000	144.531	0.456
1250.000	15.000	181.641	0.471
1260.000	15.000	181.641	0.471
1270.000	15.000	181.641	0.471
1280.000	15.000	199.219	0.446
1290.000	15.000	199.219	0.446
1300.000	15.000	199.219	0.446
1310.000	15.000	220.703	0.427
1320.000	15.000	220.703	0.427
1330.000	15.000	220.703	0.427
1340.000	15.000	308.594	0.450
1350.000	15.000	308.594	0.450
1360.000	15.000	308.594	0.450
1370.000	15.000	376.953	0.452
1380.000	15.000	376.953	0.452
1390.000	15.000	376.953	0.452
1400.000	15.000	376.953	0.459
1410.000	15.000	376.953	0.459
1420.000	15.000	376.953	0.459
1430.000	15.000	363.281	0.454
1440.000	15.000	363.281	0.454
1450.000	15.000	363.281	0.454
1460.000	15.000	425.781	0.452
1470.000	15.000	425.781	0.452
1480.000	15.000	425.781	0.452
1490.000	15.000	416.016	0.459
1500.000	15.000	416.016	0.459
1510.000	15.000	416.016	0.459
1520.000	15.000	511.719	0.442
1530.000	15.000	511.719	0.442
1540.000	15.000	511.719	0.442
1550.000	15.000	494.141	0.463
1560.000	15.000	494.141	0.463
1570.000	15.000	494.141	0.463
1580.000	15.000	529.297	0.445
1590.000	15.000	529.297	0.445
1600.000	15.000	529.297	0.445
1610.000	15.000	554.687	0.436
1620.000	15.000	554.687	0.436
1630.000	15.000	554.687	0.436
1640.000	15.000	634.766	0.454
1650.000	15.000	634.766	0.454
1660.000	15.000	634.766	0.454
1670.000	15.000	619.141	0.448
1680.000	15.000	619.141	0.448
1690.000	15.000	619.141	0.448
1700.000	15.000	656.250	0.440
1710.000	15.000	656.250	0.440
1720.000	15.000	656.250	0.440
1730.000	15.000	718.750	0.471
1740.000	15.000	718.750	0.471
1750.000	15.000	718.750	0.471
1760.000	15.000	742.187	0.466
1770.000	15.000	742.187	0.466
1780.000	15.000	742.187	0.466
1790.000	15.000	759.766	0.438
1800.000	15.000	759.766	0.438
1810.000	15.000	759.766	0.438
1820.000	15.000	806.641	0.467
1830.000	15.000	806.641	0.467
1840.000	15.000	806.641	0.467
1850.000	15.000	798.828	0.454
1860.000	15.000	798.828	0.454
1870.000	15.000	798.828	0.454
1880.000	15.000	863.281	0.445
1890.000	15.000	863.281	0.445
1900.000	15.000	863.281	0.445
1910.000	15.000	873.047	0.454
1920.000	15.000	873.047	0.454
1930.000	15.000	873.047	0.454
1940.000	15.000	953.125	0.462
1950.000	15.000	953.125	0.462
1960.000	15.000	953.125	0.462
1970.000	15.000	953.125	0.471
1980.000	15.000	953.125	0.471
1990.000	15.000	953.125	0.471
2000.000	15.000	982.422	0.453
2010.000	15.000	982.422	0.453
2020.000	15.000	982.422	0.453
2030.000	15.000	970.703	0.450
2040.000	15.000	970.703	0.450
2050.000	15.000	970.703	0.450
2060.000	15.000	1041.016	0.462
2070.000	15.000	1041.016	0.462
2080.000	15.000	1041.016	0.462
2090.000	15.000	1093.750	0.450
2100.000	15.000	1093.750	0.450
2110.000	15.000	1093.750	0.450
2120.000	15.000	1103.516	0.442
2130.000	15.000	1103.516	0.442
2140.000	15.000	1103.516	0.442
2150.000	15.000	1150.391	0.430
2160.000	15.000	1150.391	0.430
2170.000	15.000	1150.391	0.430
2180.000	15.000	1158.203	0.462
2190.000	15.000	1158.203	0.462
2200.000	15.000	1158.203	0.462
2210.000	15.000	1230.469	0.441
2220.000	15.000	1230.469	0.441
2230.000	15.000	1230.469	0.441
2240.000	15.000	1265.625	0.463
2250.000	15.000	1265.625	0.463
2260.000	15.000	1265.625	0.463
2270.000	15.000	1271.484	0.450
2280.000	15.000	1271.484	0.450
2290.000	15.000	1271.484	0.450
2300.000	15.000	1304.687	0.454
2310.000	15.000	1304.687	0.454
2320.000	15.000	1304.687	0.454
2330.000	15.000	1347.656	0.432
2340.000	15.000	1347.656	0.432
2350.000	15.000	1347.656	0.432
2360.000	15.000	1367.187	0.459
2370.000	15.000	1367.187	0.459
2380.000	15.000	1367.187	0.459
2390.000	15.000	1388.672	0.451
2400.000	15.000	1388.672	0.451
2410.000	15.000	1388.672	0.451
2420.000	15.000	1470.703	0.434
2430.000	15.000	1470.703	0.434
2440.000	15.000	1470.703	0.434
2450.000	15.000	1490.234	0.437
2460.000	15.000	1490.234	0.437
2470.000	15.000	1490.234	0.437
2480.000	15.000	1462.891	0.441
2490.000	15.000	1462.891	0.441
2500.000	15.000	1462.891	0.441
2510.000	15.000	1517.578	0.454
2520.000	15.000	1517.578	0.454
2530.000	15.000	1517.578	0.454
2540.000	15.000	1533.203	0.471
2550.000	15.000	1533.203	0.471
2560.000	15.000	1533.203	0.471
2570.000	15.000	1601.562	0.470
2580.000	15.000	1601.562	0.470
2590.000	15.000	1601.562	0.470
2600.000	15.000	1595.703	0.456
2610.000	15.000	1595.703	0.456
2620.000	15.000	1595.703	0.456
2630.000	15.000	1611.328	0.460
2640.000	15.000	1611.328	0.460
2650.000	15.000	1611.328	0.460
2660.000	15.000	1613.281	0.445
2670.000	15.000	1613.281	0.445
2680.000	15.000	1613.281	0.445
2690.000	15.000	1701.172	0.450
2700.000	15.000	1701.172	0.450
2710.000	15.000	1701.172	0.450
2720.000	15.000	1728.516	0.449
2730.000	15.000	1728.516	0.449
2740.000	15.000	1728.516	0.449
2750.000	15.000	1710.937	0.459
2760.000	15.000	1710.937	0.459
2770.000	15.000	1710.937	0.459
2780.000	15.000	1732.422	0.448
2790.000	15.000	1732.422	0.448
2800.000	15.000	1732.422	0.448
2810.000	15.000	1759.766	0.462
2820.000	15.000	1759.766	0.462
2830.000	15.000	1759.766	0.462
2840.000	15.000	1828.125	0.458
2850.000	15.000	1828.125	0.458
2860.000	15.000	1828.125	0.458
2870.000	15.000	1871.094	0.446
2880.000	15.000	1871.094	0.446
2890.000	15.000	1871.094	0.446
2900.000	15.000	1900.391	0.453
2910.000	15.000	1900.391	0.453
2920.000	15.000	1900.391	0.453
2930.000	15.000	1931.641	0.453
2940.000	15.000	1931.641	0.453
2950.000	15.000	1931.641	0.453
2960.000	15.000	1976.562	0.450
2970.000	15.000	1976.562	0.450
2980.000	15.000	1976.562	0.450
2990.000	15.000	1941.406	0.453
3000.000	15.000	1941.406	0.453
3010.000	15.000	1941.406	0.453
3020.000	15.000	1992.187	0.439
3030.000	15.000	1992.187	0.439
3040.000	15.000	1992.187	0.439
3050.000	15.000	2041.016	0.438
3060.000	15.000	2041.016	0.438
3070.000	15.000	2041.016	0.438
3080.000	15.000	2033.203	0.443
3090.000	15.000	2033.203	0.443
3100.000	15.000	2033.203	0.443
3110.000	15.000	2109.375	0.432
3120.000	15.000	2109.375	0.432
3130.000	15.000	2109.375	0.432
3140.000	15.000	2128.906	0.449
3150.000	15.000	2128.906	0.449
3160.000	15.000	2128.906	0.449
3170.000	15.000	2125.000	0.434
3180.000	15.000	2125.000	0.434
3190.000	15.000	2125.000	0.434
3200.000	15.000	2187.500	0.457
3210.000	15.000	2187.500	0.457
3220.000	15.000	2187.500	0.457
3230.000	15.000	2179.687	0.429
3240.000	15.000	2179.687	0.429
3250.000	15.000	2179.687	0.429
3260.000	15.000	2199.219	0.452
3270.000	15.000	2199.219	0.452
3280.000	15.000	2199.219	0.452
3290.000	15.000	2255.859	0.446
3300.000	15.000	2255.859	0.446
3310.000	15.000	2255.859	0.446
3320.000	15.000	2304.687	0.478
3330.000	15.000	2304.687	0.478
3340.000	15.000	2304.687	0.478
3350.000	15.000	2312.500	0.445
3360.000	15.000	2312.500	0.445
3370.000	15.000	2312.500	0.445
3380.000	15.000	2322.266	0.444
3390.000	15.000	2322.266	0.444
3400.000	15.000	2322.266	0.444
3410.000	15.000	2355.469	0.463
3420.000	15.000	2355.469	0.463
3430.000	15.000	2355.469	0.463
3440.000	15.000	2376.953	0.439
3450.000	15.000	2376.953	0.439
3460.000	15.000	2376.953	0.439
3470.000	15.000	2427.734	0.428
3480.000	15.000	2427.734	0.428
3490.000	15.000	2427.734	0.428
3500.000	15.000	2427.734	0.438
3510.000	15.000	2427.734	0.438
3520.000	15.000	2427.734	0.438
3530.000	15.000	2447.266	0.451
3540.000	15.000	2447.266	0.451
3550.000	15.000	2447.266	0.451
3560.000	15.000	2480.469	0.449
3570.000	15.000	2480.469	0.449
3580.000	15.000	2480.469	0.449
3590.000	15.000	2500.000	0.466
3600.000	15.000	2500.000	0.466
3610.000	15.000	2500.000	0.466
3620.000	15.000	2505.859	0.445
3630.000	15.000	2505.859	0.445
3640.000	15.000	2505.859	0.445
3650.000	15.000	2566.406	0.433
3660.000	15.000	2566.406	0.433
3670.000	15.000	2566.406	0.433
3680.000	15.000	2556.641	0.446
3690.000	15.000	2556.641	0.446
3700.000	15.000	2556.641	0.446
3710.000	15.000	2623.047	0.416
3720.000	15.000	2623.047	0.416
3730.000	15.000	2623.047	0.416
3740.000	15.000	2697.266	0.452
3750.000	15.000	2697.266	0.452
3760.000	15.000	2697.266	0.452
3770.000	15.000	2671.875	0.430
3780.000	15.000	2671.875	0.430
3790.000	15.000	2671.875	0.430
3800.000	15.000	2679.687	0.428
3810.000	15.000	2679.687	0.428
3820.000	15.000	2679.687	0.428
3830.000	15.000	2750.000	0.460
3840.000	15.000	2750.000	0.460
3850.000	15.000	2750.000	0.460
3860.000	15.000	2744.141	0.446
3870.000	15.000	2744.141	0.446
3880.000	15.000	2744.141	0.446
3890.000	15.000	2771.484	0.440
3900.000	15.000	2771.484	0.440
3910.000	15.000	2771.484	0.440
3920.000	15.000	2855.469	0.438
3930.000	15.000	2855.469	0.438
3940.000	15.000	2855.469	0.438
3950.000	15.000	2828.125	0.444
3960.000	15.000	2828.125	0.444
3970.000	15.000	2828.125	0.444
3980.000	15.000	2869.141	0.423
3990.000	15.000	2869.141	0.423
4000.000	15.000	2869.141	0.423
4010.000	15.000	2841.797	0.459
4020.000	15.000	2841.797	0.459
4030.000	15.000	2841.797	0.459
4040.000	15.000	2939.453	0.459
4050.000	15.000	2939.453	0.459
4060.000	15.000	2939.453	0.459
4070.000	15.000	2929.687	0.442
4080.000	15.000	2929.687	0.442
4090.000	15.000	2929.687	0.442
4100.000	15.000	2984.375	0.429
4110.000	15.000	2984.375	0.429
4120.000	15.000	2984.375	0.429
4130.000	15.000	3013.672	0.459
4140.000	15.000	3013.672	0.459
4150.000	15.000	3013.672	0.459
4160.000	15.000	3011.719	0.462
4170.000	15.000	3011.719	0.462
4180.000	15.000	3011.719	0.462
4190.000	15.000	3019.531	0.439
4200.000	15.000	3019.531	0.439
4210.000	15.000	3019.531	0.439
4220.000	15.000	3078.125	0.434
4230.000	15.000	3078.125	0.434
4240.000	15.000	3078.125	0.434
4250.000	15.000	3064.453	0.438
4260.000	15.000	3064.453	0.438
4270.000	15.000	3064.453	0.438
4280.000	15.000	3074.219	0.433
4290.000	15.000	3074.219	0.433
4300.000	15.000	3074.219	0.433
4310.000	15.000	3117.187	0.478
4320.000	15.000	3117.187	0.478
4330.000	15.000	3117.187	0.478
4340.000	15.000	3160.156	0.438
4350.000	15.000	3160.156	0.438
4360.000	15.000	3160.156	0.438
4370.000	15.000	3189.453	0.456
4380.000	15.000	3189.453	0.456
4390.000	15.000	3189.453	0.456
4400.000	15.000	3191.406	0.437
4410.000	15.000	3191.406	0.437
4420.000	15.000	3191.406	0.437
4430.000	15.000	3207.031	0.444
4440.000	15.000	3207.031	0.444
4450.000	15.000	3207.031	0.444
4460.000	15.000	3250.000	0.438
4470.000	15.000	3250.000	0.438
4480.000	15.000	3250.000	0.438
4490.000	15.000	3283.203	0.423
4500.000	15.000	3283.203	0.423
4510.000	15.000	3283.203	0.423
4520.000	15.000	3318.359	0.438
4530.000	15.000	3318.359	0.438
4540.000	15.000	3318.359	0.438
4550.000	15.000	3287.109	0.450
4560.000	15.000	3287.109	0.450
4570.000	15.000	3287.109	0.450
4580.000	15.000	3392.578	0.461
4590.000	15.000	3392.578	0.461
4600.000	15.000	3392.578	0.461
4610.000	15.000	3349.609	0.424
4620.000	15.000	3349.609	0.424
4630.000	15.000	3349.609	0.424
4640.000	15.000	3412.109	0.463
4650.000	15.000	3412.109	0.463
4660.000	15.000	3412.109	0.463
4670.000	15.000	3400.391	0.441
4680.000	15.000	3400.391	0.441
4690.000	15.000	3400.391	0.441
4700.000	15.000	3423.828	0.446
4710.000	15.000	3423.828	0.446
4720.000	15.000	3423.828	0.446
4730.000	15.000	3484.375	0.444
4740.000	15.000	3484.375	0.444
4750.000	15.000	3484.375	0.444
4760.000	15.000	3470.703	0.427
4770.000	15.000	3470.703	0.427
4780.000	15.000	3470.703	0.427
4790.000	15.000	3544.922	0.438
4800.000	15.000	3544.922	0.438
4810.000	15.000	3544.922	0.438
4820.000	15.000	3535.156	0.467
4830.000	15.000	3535.156	0.467
4840.000	15.000	3535.156	0.467
4850.000	15.000	3583.984	0.445
4860.000	15.000	3583.984	0.445
4870.000	15.000	3583.984	0.445
4880.000	15.000	3589.844	0.449
4890.000	15.000	3589.844	0.449
4900.000	15.000	3589.844	0.449
4910.000	15.000	3642.578	0.445
4920.000	15.000	3642.578	0.445
4930.000	15.000	3642.578	0.445
4940.000	15.000	3656.250	0.432
4950.000	15.000	3656.250	0.432
4960.000	15.000	3656.250	0.432
4970.000	15.000	3687.500	0.444
4980.000	15.000	3687.500	0.444
4990.000	15.000	3687.500	0.444
5000.000	15.000	3677.734	0.412
5010.000	15.000	3677.734	0.412
5020.000	15.000	3677.734	0.412
5030.000	15.000	3693.359	0.453
5040.000	15.000	3693.359	0.453
5050.000	15.000	3693.359	0.453
5060.000	15.000	3757.812	0.440
5070.000	15.000	3757.812	0.440
5080.000	15.000	3757.812	0.440
5090.000	15.000	3779.297	0.446
5100.000	15.000	3779.297	0.446
5110.000	15.000	3779.297	0.446
5120.000	15.000	3761.719	0.460
5130.000	15.000	3761.719	0.460
5140.000	15.000	3761.719	0.460
5150.000	15.000	3808.594	0.437
5160.000	15.000	3808.594	0.437
5170.000	15.000	3808.594	0.437
5180.000	15.000	3865.234	0.450
5190.000	15.000	3865.234	0.450
5200.000	15.000	3865.234	0.450
5210.000	15.000	3859.375	0.458
5220.000	15.000	3859.375	0.458
5230.000	15.000	3859.375	0.458
5240.000	15.000	3886.719	0.452
5250.000	15.000	3886.719	0.452
5260.000	15.000	3886.719	0.452
5270.000	15.000	3876.953	0.452
5280.000	15.000	3876.953	0.452
5290.000	15.000	3876.953	0.452
5300.000	15.000	3882.812	0.457
5310.000	15.000	3882.812	0.457
5320.000	15.000	3882.812	0.457
5330.000	15.000	3923.828	0.443
5340.000	15.000	3923.828	0.443
5350.000	15.000	3923.828	0.443
5360.000	15.000	3998.047	0.441
5370.000	15.000	3998.047	0.441
5380.000	15.000	3998.047	0.441
5390.000	15.000	3978.516	0.457
5400.000	15.000	3978.516	0.457
5410.000	15.000	3978.516	0.457
5420.000	15.000	3998.047	0.435
5430.000	15.000	3998.047	0.435
5440.000	15.000	3998.047	0.435
5450.000	15.000	3998.047	0.453
5460.000	15.000	3998.047	0.453
5470.000	15.000	3998.047	0.453
5480.000	15.000	3998.047	0.430
5490.000	15.000	3998.047	0.430
5500.000	15.000	3998.047	0.430
5510.000	15.000	3998.047	0.446
5520.000	15.000	3998.047	0.446
5530.000	15.000	3998.047	0.446
5540.000	15.000	3998.047	0.448
5550.000	15.000	3998.047	0.448
5560.000	15.000	3998.047	0.448
5570.000	15.000	3998.047	0.431
5580.000	15.000	3998.047	0.431
5590.000	15.000	3998.047	0.431
5600.000	15.000	3998.047	0.443
5610.000	15.000	3998.047	0.443
5620.000	15.000	3998.047	0.443
5630.000	15.000	3998.047	0.418
5640.000	15.000	3998.047	0.418
5650.000	15.000	3998.047	0.418
5660.000	15.000	3998.047	0.240
5670.000	15.000	3998.047	0.240
5680.000	15.000	3998.047	0.240
5690.000	15.000	3998.047	0.094
5700.000	15.000	3998.047	0.094
5710.000	15.000	3998.047	0.094
5720.000	15.000	3998.047	-0.027
5730.000	15.000	3998.047	-0.027
5740.000	15.000	3998.047	-0.027
5750.000	15.000	3998.047	-0.077
5760.000	15.000	3998.047	-0.077
5770.000	15.000	3998.047	-0.077
5780.000	15.000	3998.047	-0.148
5790.000	15.000	3998.047	-0.148
5800.000	15.000	3998.047	-0.148
5810.000	15.000	3998.047	-0.146
5820.000	15.000	3998.047	-0.146
5830.000	15.000	3998.047	-0.146
5840.000	15.000	3998.047	-0.131
5850.000	15.000	3998.047	-0.131
5860.000	15.000	3998.047	-0.131
5870.000	15.000	3998.047	-0.038
5880.000	15.000	3998.047	-0.038
5890.000	15.000	3998.047	-0.038
5900.000	15.000	3998.047	0.035
5910.000	15.000	3998.047	0.035
5920.000	15.000	3998.047	0.035
5930.000	15.000	3998.047	0.148
5940.000	15.000	3998.047	0.148
5950.000	15.000	3998.047	0.148
5960.000	15.000	3998.047	0.268
5970.000	15.000	3998.047	0.268
5980.000	15.000	3998.047	0.268
5990.000	15.000	3998.047	0.382
6000.000	15.000	3998.047	0.382
6010.000	15.000	3998.047	0.382
6020.000	15.000	3998.047	0.407
6030.000	15.000	3998.047	0.407
6040.000	15.000	3998.047	0.407
6050.000	15.000	3998.047	0.422
6060.000	15.000	3998.047	0.422
6070.000	15.000	3998.047	0.422
6080.000	15.000	3998.047	0.402
6090.000	15.000	3998.047	0.402
6100.000	15.000	3998.047	0.402
6110.000	15.000	3998.047	0.179
6120.000	15.000	3998.047	0.179
6130.000	15.000	3998.047	0.179
6140.000	15.000	3998.047	0.065
6150.000	15.000	3998.047	0.065
6160.000	15.000	3998.047	0.065
6170.000	15.000	3998.047	0.036
6180.000	15.000	3998.047	0.036
6190.000	15.000	3998.047	0.036
6200.000	15.000	3998.047	0.018
6210.000	15.000	3998.047	0.018
6220.000	15.000	3998.047	0.018
6230.000	15.000	3998.047	0.007
6240.000	15.000	3998.047	0.007
6250.000	15.000	3998.047	0.007
6260.000	15.000	3998.047	-0.004
6270.000	15.000	3998.047	-0.004
6280.000	15.000	3998.047	-0.004
6290.000	15.000	3982.422	0.005
6300.000	15.000	3982.422	0.005
6310.000	15.000	3982.422	0.005
6320.000	15.000	3998.047	-0.010
6330.000	15.000	3998.047	-0.010
6340.000	15.000	3998.047	-0.010
6350.000	15.000	3998.047	-0.029
6360.000	15.000	3998.047	-0.029
6370.000	15.000	3998.047	-0.029
6380.000	15.000	3945.312	-0.002
6390.000	15.000	3945.312	-0.002
6400.000	15.000	3945.312	-0.002
6410.000	15.000	3947.266	-0.017
6420.000	15.000	3947.266	-0.017
6430.000	15.000	3947.266	-0.017
6440.000	15.000	3914.062	0.001
6450.000	15.000	3914.062	0.001
6460.000	15.000	3914.062	0.001
6470.000	15.000	3869.141	0.006
6480.000	15.000	3869.141	0.006
6490.000	15.000	3869.141	0.006
6500.000	15.000	3873.047	0.010
6510.000	15.000	3873.047	0.010
6520.000	15.000	3873.047	0.010
6530.000	15.000	3863.281	0.002
6540.000	15.000	3863.281	0.002
6550.000	15.000	3863.281	0.002
6560.000	15.000	3841.797	-0.005
6570.000	15.000	3841.797	-0.005
6580.000	15.000	3841.797	-0.005
6590.000	15.000	3851.562	-0.017
6600.000	15.000	3851.562	-0.017
6610.000	15.000	3851.562	-0.017
6620.000	15.000	3824.219	-0.018
6630.000	15.000	3824.219	-0.018
6640.000	15.000	3824.219	-0.018
6650.000	15.000	3806.641	-0.015
6660.000	15.000	3806.641	-0.015
6670.000	15.000	3806.641	-0.015
6680.000	15.000	3761.719	-0.001
6690.000	15.000	3761.719	-0.001
6700.000	15.000	3761.719	-0.001
6710.000	15.000	3765.625	-0.009
6720.000	15.000	3765.625	-0.009
6730.000	15.000	3765.625	-0.009
6740.000	15.000	3771.484	-0.027
6750.000	15.000	3771.484	-0.027
6760.000	15.000	3771.484	-0.027
6770.000	15.000	3738.281	-0.030
6780.000	15.000	3738.281	-0.030
6790.000	15.000	3738.281	-0.030
6800.000	15.000	3714.844	-0.014
6810.000	15.000	3714.844	-0.014
6820.000	15.000	3714.844	-0.014
6830.000	15.000	3736.328	-0.026
6840.000	15.000	3736.328	-0.026
6850.000	15.000	3736.328	-0.026
6860.000	15.000	3675.781	0.000
6870.000	15.000	3675.781	0.000
6880.000	15.000	3675.781	0.000
6890.000	15.000	3636.719	0.003
6900.000	15.000	3636.719	0.003
6910.000	15.000	3636.719	0.003
6920.000	15.000	3638.672	0.002
6930.000	15.000	3638.672	0.002
6940.000	15.000	3638.672	0.002
6950.000	15.000	3625.000	0.006
6960.000	15.000	3625.000	0.006
6970.000	15.000	3625.000	0.006
6980.000	15.000	3617.187	0.009
6990.000	15.000	3617.187	0.009
7000.000	15.000	3617.187	0.009
7010.000	15.000	3583.984	-0.011
