%Time [ms]	Commanded Torque [mNm]	Angular Velocity [RPM]	Actual Current [Amp]	%9/23/20259:50 AM
0.000	0.000	0.000	0.000
3936740.000	10.000	0.000	0.006
20.000	10.000	0.000	0.008
30.000	10.000	0.000	0.008
40.000	10.000	0.000	0.008
50.000	10.000	0.000	0.008
60.000	10.000	0.000	0.008
70.000	10.000	0.000	0.008
80.000	10.000	0.000	0.008
90.000	10.000	0.000	0.008
100.000	10.000	0.000	0.008
110.000	10.000	0.000	0.008
120.000	10.000	0.000	0.009
130.000	10.000	0.000	0.009
140.000	10.000	0.000	0.007
150.000	10.000	0.000	0.007
160.000	10.000	0.000	0.007
170.000	10.000	0.000	0.009
180.000	10.000	0.000	0.008
190.000	10.000	0.000	0.008
200.000	10.000	0.000	0.012
210.000	10.000	0.000	0.009
220.000	10.000	0.000	0.007
230.000	10.000	0.000	0.009
240.000	10.000	0.000	0.007
250.000	10.000	0.000	0.007
260.000	10.000	0.000	0.007
270.000	10.000	0.000	0.008
280.000	10.000	0.000	0.008
290.000	10.000	0.000	0.006
300.000	10.000	0.000	0.009
310.000	10.000	0.000	0.009
320.000	10.000	0.000	0.008
330.000	10.000	0.000	0.009
340.000	10.000	0.000	0.009
350.000	10.000	0.000	0.009
360.000	10.000	0.000	0.007
370.000	10.000	0.000	0.007
380.000	10.000	0.000	0.007
390.000	10.000	0.000	0.007
400.000	10.000	0.000	0.007
410.000	10.000	0.000	0.002
420.000	10.000	0.000	0.004
430.000	10.000	0.000	0.004
440.000	10.000	0.000	0.006
450.000	10.000	0.000	0.009
460.000	10.000	0.000	0.009
470.000	10.000	0.000	0.004
480.000	10.000	0.000	0.004
490.000	10.000	0.000	0.004
500.000	10.000	0.000	0.009
510.000	10.000	0.000	0.006
520.000	10.000	0.000	0.006
530.000	10.000	0.000	0.004
540.000	10.000	0.000	0.006
550.000	10.000	0.000	0.012
560.000	10.000	0.000	0.006
570.000	10.000	0.000	0.003
580.000	10.000	0.000	0.006
590.000	10.000	0.000	0.006
600.000	10.000	0.000	0.006
610.000	10.000	0.000	0.004
620.000	10.000	0.000	0.006
630.000	10.000	0.000	0.007
640.000	10.000	0.000	0.006
650.000	10.000	0.000	0.008
660.000	10.000	0.000	0.006
670.000	10.000	0.000	0.004
680.000	10.000	0.000	0.006
690.000	10.000	0.000	0.006
700.000	10.000	0.000	0.002
710.000	10.000	0.000	0.006
720.000	10.000	0.000	0.006
730.000	10.000	0.000	0.003
740.000	10.000	0.000	0.006
750.000	10.000	0.000	0.008
760.000	10.000	0.000	0.004
770.000	10.000	0.000	0.004
780.000	10.000	0.000	0.006
790.000	10.000	0.000	0.004
800.000	10.000	0.000	0.003
810.000	10.000	0.000	0.004
820.000	10.000	0.000	0.006
830.000	10.000	0.000	0.006
840.000	10.000	0.000	0.004
850.000	10.000	0.000	0.003
860.000	10.000	0.000	0.004
870.000	10.000	0.000	0.004
880.000	10.000	0.000	0.004
890.000	10.000	0.000	0.004
900.000	10.000	0.000	0.006
910.000	10.000	0.000	0.004
920.000	10.000	0.000	0.004
930.000	10.000	0.000	0.004
940.000	10.000	0.000	0.007
950.000	10.000	0.000	0.004
960.000	10.000	0.000	0.003
970.000	10.000	0.000	0.003
980.000	10.000	0.000	0.006
990.000	10.000	0.000	0.004
1000.000	10.000	0.000	0.004
1010.000	10.000	0.000	0.007
1020.000	10.000	0.000	0.006
1030.000	10.000	0.000	0.006
1040.000	10.000	-0.073	0.031
1050.000	10.000	-0.073	0.130
1060.000	10.000	-0.073	0.205
1070.000	10.000	-0.073	0.256
1080.000	10.000	-0.155	0.291
1090.000	10.000	-0.221	0.323
1100.000	10.000	-0.294	0.344
1110.000	10.000	-0.376	0.361
1120.000	10.000	-0.442	0.369
1130.000	10.000	-0.589	0.377
1140.000	10.000	-0.678	0.383
1150.000	10.000	-0.752	0.386
1160.000	10.000	-0.971	0.386
1170.000	10.000	-1.191	0.393
1180.000	10.000	-1.443	0.395
1190.000	10.000	-1.620	0.394
1200.000	10.000	-1.978	0.400
1210.000	10.000	-1.978	0.400
1220.000	10.000	-2.131	0.397
1230.000	10.000	-2.408	0.397
1240.000	10.000	-2.408	0.397
1250.000	10.000	-2.701	0.393
1260.000	10.000	-3.067	0.404
1270.000	10.000	-3.067	0.404
1280.000	10.000	-3.027	0.404
1290.000	10.000	-3.003	0.400
1300.000	10.000	-3.003	0.400
1310.000	10.000	-3.149	0.400
1320.000	10.000	-3.516	0.399
1330.000	10.000	-3.516	0.399
1340.000	10.000	-3.662	0.401
1350.000	10.000	-3.589	0.404
1360.000	10.000	-3.589	0.404
1370.000	10.000	-3.662	0.397
1380.000	10.000	-4.248	0.399
1390.000	10.000	-4.248	0.399
1400.000	10.000	-4.395	0.400
1410.000	10.000	-4.468	0.400
1420.000	10.000	-4.468	0.400
1430.000	10.000	-4.614	0.400
1440.000	10.000	-4.907	0.401
1450.000	10.000	-4.907	0.401
1460.000	10.000	-5.054	0.399
1470.000	10.000	-5.347	0.399
1480.000	10.000	-5.347	0.399
1490.000	10.000	-5.273	0.400
1500.000	10.000	-5.713	0.401
1510.000	10.000	-5.713	0.401
1520.000	10.000	-5.933	0.397
1530.000	10.000	-5.859	0.396
1540.000	10.000	-5.873	0.391
1550.000	10.000	-6.239	0.399
1560.000	10.000	-6.296	0.394
1570.000	10.000	-5.956	0.396
1580.000	10.000	-6.184	0.397
1590.000	10.000	-6.550	0.399
1600.000	10.000	-6.637	0.400
1610.000	10.000	-6.783	0.395
1620.000	10.000	-7.101	0.399
1630.000	10.000	-7.028	0.399
1640.000	10.000	-7.014	0.399
1650.000	10.000	-7.014	0.401
1660.000	10.000	-7.110	0.396
1670.000	10.000	-7.458	0.400
1680.000	10.000	-7.596	0.400
1690.000	10.000	-7.450	0.401
1700.000	10.000	-7.510	0.399
1710.000	10.000	-7.656	0.399
1720.000	10.000	-7.412	0.399
1730.000	10.000	-7.705	0.399
1740.000	10.000	-8.259	0.399
1750.000	10.000	-8.039	0.400
1760.000	10.000	-8.105	0.400
1770.000	10.000	-8.244	0.400
1780.000	10.000	-8.024	0.399
1790.000	10.000	-8.390	0.401
1800.000	10.000	-8.626	0.400
1810.000	10.000	-8.407	0.399
1820.000	10.000	-8.773	0.399
1830.000	10.000	-8.773	0.400
1840.000	10.000	-8.699	0.399
1850.000	10.000	-9.016	0.400
1860.000	10.000	-9.163	0.400
1870.000	10.000	-9.163	0.400
1880.000	10.000	-9.309	0.397
1890.000	10.000	-9.439	0.400
1900.000	10.000	-9.439	0.400
1910.000	10.000	-9.513	0.411
1920.000	10.000	-9.732	0.397
1930.000	10.000	-9.732	0.397
1940.000	10.000	-9.985	0.396
1950.000	10.000	-10.107	0.396
1960.000	10.000	-10.107	0.396
1970.000	10.000	-10.034	0.395
1980.000	10.000	-10.254	0.393
1990.000	10.000	-10.221	0.399
2000.000	10.000	-10.074	0.396
2010.000	10.000	-10.652	0.396
2020.000	10.000	-10.505	0.399
2030.000	10.000	-10.872	0.396
2040.000	10.000	-10.432	0.401
2050.000	10.000	-10.758	0.400
2060.000	10.000	-10.685	0.402
2070.000	10.000	-11.125	0.400
2080.000	10.000	-10.978	0.399
2090.000	10.000	-11.158	0.396
2100.000	10.000	-11.451	0.400
2110.000	10.000	-11.333	0.397
2120.000	10.000	-11.259	0.399
2130.000	10.000	-11.243	0.399
2140.000	10.000	-11.463	0.400
2150.000	10.000	-11.722	0.402
2160.000	10.000	-11.796	0.399
2170.000	10.000	-11.529	0.399
2180.000	10.000	-11.676	0.400
2190.000	10.000	-12.140	0.400
2200.000	10.000	-11.920	0.400
2210.000	10.000	-11.973	0.397
2220.000	10.000	-12.120	0.400
2230.000	10.000	-12.216	0.397
2240.000	10.000	-11.996	0.400
2250.000	10.000	-12.232	0.399
2260.000	10.000	-12.379	0.399
2270.000	10.000	-12.572	0.401
2280.000	10.000	-12.499	0.400
2290.000	10.000	-12.055	0.395
2300.000	10.000	-12.567	0.399
2310.000	10.000	-12.470	0.400
2320.000	10.000	-12.836	0.397
2330.000	10.000	-12.683	0.396
2340.000	10.000	-13.342	0.397
2350.000	10.000	-12.713	0.397
2360.000	10.000	-12.933	0.395
2370.000	10.000	-13.087	0.399
2380.000	10.000	-13.307	0.399
2390.000	10.000	-13.360	0.401
2400.000	10.000	-13.287	0.400
2410.000	10.000	-13.531	0.399
2420.000	10.000	-13.092	0.400
2430.000	10.000	-13.474	0.402
2440.000	10.000	-13.401	0.400
2450.000	10.000	-13.574	0.400
2460.000	10.000	-13.647	0.400
2470.000	10.000	-13.433	0.401
2480.000	10.000	-13.653	0.401
2490.000	10.000	-13.636	0.401
2500.000	10.000	-13.856	0.399
2510.000	10.000	-14.003	0.401
2520.000	10.000	-14.149	0.399
2530.000	10.000	-13.986	0.400
2540.000	10.000	-14.206	0.400
2550.000	10.000	-14.336	0.402
2560.000	10.000	-14.203	0.393
2570.000	10.000	-14.426	0.397
2580.000	10.000	-14.662	0.394
2590.000	10.000	-14.442	0.413
2600.000	10.000	-14.442	0.402
2610.000	10.000	-14.442	0.402
2620.000	10.000	-14.469	0.396
2630.000	10.000	-14.550	0.400
2640.000	10.000	-14.493	0.401
2650.000	10.000	-14.493	0.401
2660.000	10.000	-14.846	0.412
2670.000	10.000	-15.212	0.400
2680.000	10.000	-14.783	0.404
2690.000	10.000	-15.035	0.399
2700.000	10.000	-15.475	0.399
2710.000	10.000	-15.182	0.396
2720.000	10.000	-15.595	0.400
2730.000	10.000	-15.879	0.401
2740.000	10.000	-15.327	0.401
2750.000	10.000	-15.693	0.397
2760.000	10.000	-15.962	0.396
2770.000	10.000	-15.522	0.401
2780.000	10.000	-16.008	0.400
2790.000	10.000	-16.049	0.397
2800.000	10.000	-15.556	0.400
2810.000	10.000	-15.776	0.395
2820.000	10.000	-16.118	0.400
2830.000	10.000	-15.825	0.396
2840.000	10.000	-16.304	0.396
2850.000	10.000	-16.524	0.395
2860.000	10.000	-16.102	0.399
2870.000	10.000	-16.249	0.401
2880.000	10.000	-16.517	0.399
2890.000	10.000	-16.284	0.400
2900.000	10.000	-16.907	0.400
2910.000	10.000	-16.907	0.400
2920.000	10.000	-16.619	0.400
2930.000	10.000	-16.985	0.400
2940.000	10.000	-17.001	0.397
2950.000	10.000	-16.835	0.399
2960.000	10.000	-17.134	0.400
2970.000	10.000	-17.460	0.404
2980.000	10.000	-17.105	0.400
2990.000	10.000	-17.191	0.399
3000.000	10.000	-17.191	0.400
3010.000	10.000	-17.664	0.397
3020.000	10.000	-17.318	0.397
3030.000	10.000	-17.318	0.395
3040.000	10.000	-17.594	0.394
3050.000	10.000	-17.834	0.395
3060.000	10.000	-18.200	0.396
3070.000	10.000	-17.808	0.397
3080.000	10.000	-18.041	0.399
3090.000	10.000	-18.554	0.399
3100.000	10.000	-18.251	0.401
3110.000	10.000	-18.364	0.396
3120.000	10.000	-18.657	0.399
3130.000	10.000	-18.730	0.399
3140.000	10.000	-18.803	0.399
3150.000	10.000	-19.015	0.399
3160.000	10.000	-18.749	0.402
3170.000	10.000	-18.962	0.402
3180.000	10.000	-19.328	0.401
3190.000	10.000	-18.995	0.400
3200.000	10.000	-19.314	0.400
3210.000	10.000	-19.697	0.399
3220.000	10.000	-19.750	0.395
3230.000	10.000	-19.970	0.397
3240.000	10.000	-19.897	0.400
3250.000	10.000	-19.778	0.396
3260.000	10.000	-19.898	0.396
3270.000	10.000	-20.566	0.396
3280.000	10.000	-20.366	0.396
3290.000	10.000	-20.780	0.397
3300.000	10.000	-21.000	0.400
3310.000	10.000	-20.504	0.422
3320.000	10.000	-20.964	0.399
3330.000	10.000	-20.964	0.399
3340.000	10.000	-21.257	0.401
3350.000	10.000	-21.163	0.402
3360.000	10.000	-21.635	0.401
3370.000	10.000	-21.554	0.399
3380.000	10.000	-21.827	0.400
3390.000	10.000	-21.819	0.397
3400.000	10.000	-21.612	0.394
3410.000	10.000	-22.019	0.385
3420.000	10.000	-22.499	0.397
3430.000	10.000	-22.645	0.397
3440.000	10.000	-22.645	0.396
3450.000	10.000	-23.158	0.400
3460.000	10.000	-22.766	0.399
3470.000	10.000	-22.985	0.397
3480.000	10.000	-23.319	0.397
3490.000	10.000	-23.466	0.399
3500.000	10.000	-23.819	0.401
3510.000	10.000	-23.965	0.400
3520.000	10.000	-23.625	0.401
3530.000	10.000	-23.698	0.400
3540.000	10.000	-24.430	0.400
3550.000	10.000	-24.144	0.399
3560.000	10.000	-24.943	0.395
3570.000	10.000	-25.163	0.396
3580.000	10.000	-25.155	0.396
3590.000	10.000	-25.343	0.399
3600.000	10.000	-25.562	0.397
3610.000	10.000	-25.782	0.393
3620.000	10.000	-26.155	0.395
3630.000	10.000	-26.375	0.400
3640.000	10.000	-25.975	0.399
3650.000	10.000	-26.774	0.401
3660.000	10.000	-26.693	0.399
3670.000	10.000	-26.586	0.404
3680.000	10.000	-27.106	0.399
3690.000	10.000	-27.333	0.395
3700.000	10.000	-27.333	0.395
3710.000	10.000	-27.707	0.393
3720.000	10.000	-28.000	0.397
3730.000	10.000	-28.000	0.397
3740.000	10.000	-28.473	0.397
3750.000	10.000	-28.701	0.397
3760.000	10.000	-28.701	0.397
3770.000	10.000	-29.027	0.397
3780.000	10.000	-29.531	0.401
3790.000	10.000	-29.531	0.401
3800.000	10.000	-29.598	0.401
3810.000	10.000	-29.956	0.401
3820.000	10.000	-29.956	0.401
3830.000	10.000	-30.396	0.396
3840.000	10.000	-30.542	0.396
3850.000	10.000	-30.542	0.396
3860.000	10.000	-30.835	0.396
3870.000	10.000	-31.128	0.399
3880.000	10.000	-31.128	0.399
3890.000	10.000	-31.421	0.399
3900.000	10.000	-31.934	0.397
3910.000	10.000	-31.934	0.397
3920.000	10.000	-32.520	0.399
3930.000	10.000	-32.666	0.399
3940.000	10.000	-32.666	0.399
3950.000	10.000	-33.032	0.397
3960.000	10.000	-33.398	0.397
3970.000	10.000	-33.398	0.397
3980.000	10.000	-33.791	0.399
3990.000	10.000	-34.304	0.396
4000.000	10.000	-33.904	0.402
4010.000	10.000	-34.417	0.395
4020.000	10.000	-34.490	0.401
4030.000	10.000	-34.783	0.401
4040.000	10.000	-34.857	0.400
4050.000	10.000	-35.548	0.397
4060.000	10.000	-35.908	0.399
4070.000	10.000	-35.688	0.397
4080.000	10.000	-36.524	0.397
4090.000	10.000	-36.324	0.406
4100.000	10.000	-36.651	0.399
4110.000	10.000	-37.538	0.402
4120.000	10.000	-37.278	0.404
4130.000	10.000	-37.498	0.401
4140.000	10.000	-38.141	0.399
4150.000	10.000	-37.682	0.396
4160.000	10.000	-38.055	0.400
4170.000	10.000	-39.080	0.399
4180.000	10.000	-38.377	0.397
4190.000	10.000	-38.797	0.399
4200.000	10.000	-39.765	0.400
4210.000	10.000	-38.885	0.415
4220.000	10.000	-39.511	0.406
4230.000	10.000	-40.414	0.400
4240.000	10.000	-39.978	0.397
4250.000	10.000	-40.331	0.396
4260.000	10.000	-40.624	0.399
4270.000	10.000	-40.157	0.397
4280.000	10.000	-40.657	0.396
4290.000	10.000	-41.170	0.397
4300.000	10.000	-40.541	0.401
4310.000	10.000	-41.120	0.405
4320.000	10.000	-41.885	0.401
4330.000	10.000	-40.842	0.395
4340.000	10.000	-41.221	0.397
4350.000	10.000	-41.514	0.395
4360.000	10.000	-41.588	0.401
4370.000	10.000	-41.761	0.397
4380.000	10.000	-42.290	0.400
4390.000	10.000	-41.824	0.402
4400.000	10.000	-42.615	0.404
4410.000	10.000	-42.908	0.411
4420.000	10.000	-42.183	0.396
4430.000	10.000	-42.836	0.399
4440.000	10.000	-43.137	0.396
4450.000	10.000	-43.023	0.396
4460.000	10.000	-42.804	0.401
4470.000	10.000	-43.585	0.397
4480.000	10.000	-43.023	0.402
4490.000	10.000	-43.342	0.402
4500.000	10.000	-43.342	0.400
4510.000	10.000	-42.936	0.404
4520.000	10.000	-43.262	0.399
4530.000	10.000	-43.897	0.396
4540.000	10.000	-43.616	0.401
4550.000	10.000	-43.876	0.401
4560.000	10.000	-44.169	0.404
4570.000	10.000	-43.680	0.401
4580.000	10.000	-43.933	0.399
4590.000	10.000	-44.324	0.399
4600.000	10.000	-43.799	0.397
4610.000	10.000	-44.059	0.379
4620.000	10.000	-44.701	0.402
4630.000	10.000	-43.880	0.399
4640.000	10.000	-44.487	0.397
4650.000	10.000	-44.633	0.402
4660.000	10.000	-44.420	0.401
4670.000	10.000	-44.274	0.399
4680.000	10.000	-44.827	0.397
4690.000	10.000	-44.250	0.397
4700.000	10.000	-44.938	0.396
4710.000	10.000	-44.881	0.400
4720.000	10.000	-44.881	0.400
4730.000	10.000	-45.434	0.404
4740.000	10.000	-45.247	0.401
4750.000	10.000	-45.247	0.401
4760.000	10.000	-45.386	0.399
4770.000	10.000	-45.346	0.399
4780.000	10.000	-45.346	0.399
4790.000	10.000	-45.972	0.396
4800.000	10.000	-45.557	0.401
4810.000	10.000	-45.557	0.401
4820.000	10.000	-45.410	0.401
4830.000	10.000	-45.337	0.396
4840.000	10.000	-45.337	0.396
4850.000	10.000	-45.410	0.396
4860.000	10.000	-45.630	0.399
4870.000	10.000	-45.630	0.399
4880.000	10.000	-45.703	0.397
4890.000	10.000	-45.630	0.397
4900.000	10.000	-45.483	0.404
4910.000	10.000	-45.557	0.408
4920.000	10.000	-46.216	0.395
4930.000	10.000	-45.936	0.396
4940.000	10.000	-46.595	0.396
4950.000	10.000	-46.669	0.396
4960.000	10.000	-46.589	0.404
4970.000	10.000	-46.515	0.399
4980.000	10.000	-47.264	0.404
4990.000	10.000	-47.411	0.402
5000.000	10.000	-47.630	0.396
5010.000	10.000	-47.997	0.397
5020.000	10.000	-47.198	0.399
5030.000	10.000	-48.389	0.396
5040.000	10.000	-48.022	0.397
5050.000	10.000	-48.056	0.401
5060.000	10.000	-48.282	0.402
5070.000	10.000	-49.120	0.406
5080.000	10.000	-48.665	0.399
5090.000	10.000	-48.811	0.397
5100.000	10.000	-49.031	0.399
5110.000	10.000	-48.711	0.397
5120.000	10.000	-49.291	0.400
5130.000	10.000	-49.453	0.402
5140.000	10.000	-49.893	0.404
5150.000	10.000	-50.006	0.401
5160.000	10.000	-50.445	0.396
5170.000	10.000	-49.720	0.396
5180.000	10.000	-50.013	0.399
5190.000	10.000	-50.965	0.399
5200.000	10.000	-50.926	0.396
5210.000	10.000	-51.172	0.402
5220.000	10.000	-52.043	0.405
5230.000	10.000	-51.355	0.397
5240.000	10.000	-51.355	0.397
5250.000	10.000	-52.225	0.395
5260.000	10.000	-52.026	0.402
5270.000	10.000	-52.791	0.400
5280.000	10.000	-53.524	0.402
5290.000	10.000	-52.525	0.405
5300.000	10.000	-52.858	0.395
5310.000	10.000	-54.136	0.401
5320.000	10.000	-53.485	0.397
5330.000	10.000	-53.977	0.396
5340.000	10.000	-55.043	0.400
5350.000	10.000	-54.126	0.401
5360.000	10.000	-54.619	0.402
5370.000	10.000	-55.473	0.395
5380.000	10.000	-54.807	0.396
5390.000	10.000	-55.733	0.397
5400.000	10.000	-56.547	0.395
5410.000	10.000	-55.622	0.399
5420.000	10.000	-56.135	0.401
5430.000	10.000	-56.818	0.400
5440.000	10.000	-56.212	0.399
5450.000	10.000	-56.698	0.394
5460.000	10.000	-57.869	0.397
5470.000	10.000	-56.915	0.399
5480.000	10.000	-57.581	0.402
5490.000	10.000	-57.980	0.401
5500.000	10.000	-57.699	0.397
5510.000	10.000	-57.858	0.399
5520.000	10.000	-59.136	0.396
5530.000	10.000	-58.226	0.399
5540.000	10.000	-58.499	0.401
5550.000	10.000	-59.581	0.404
5560.000	10.000	-58.583	0.395
5570.000	10.000	-59.521	0.395
5580.000	10.000	-59.521	0.395
5590.000	10.000	-58.995	0.400
5600.000	10.000	-59.268	0.400
5610.000	10.000	-60.196	0.400
5620.000	10.000	-59.358	0.404
5630.000	10.000	-60.317	0.397
5640.000	10.000	-60.097	0.395
5650.000	10.000	-59.461	0.397
5660.000	10.000	-60.297	0.402
5670.000	10.000	-60.264	0.404
5680.000	10.000	-60.118	0.401
5690.000	10.000	-60.537	0.396
5700.000	10.000	-60.684	0.397
5710.000	10.000	-59.996	0.396
5720.000	10.000	-59.922	0.399
5730.000	10.000	-60.281	0.401
5740.000	10.000	-60.866	0.402
5750.000	10.000	-60.787	0.393
5760.000	10.000	-60.583	0.394
5770.000	10.000	-60.357	0.394
5780.000	10.000	-60.064	0.401
5790.000	10.000	-60.902	0.404
5800.000	10.000	-61.268	0.401
5810.000	10.000	-61.321	0.397
5820.000	10.000	-61.395	0.396
5830.000	10.000	-60.611	0.399
5840.000	10.000	-60.464	0.400
5850.000	10.000	-61.587	0.404
5860.000	10.000	-61.441	0.401
5870.000	10.000	-61.740	0.404
5880.000	10.000	-62.033	0.396
5890.000	10.000	-61.042	0.400
5900.000	10.000	-60.895	0.397
5910.000	10.000	-61.774	0.407
5920.000	10.000	-61.488	0.401
5930.000	10.000	-61.987	0.399
5940.000	10.000	-62.427	0.397
5950.000	10.000	-61.450	0.396
5960.000	10.000	-61.597	0.397
5970.000	10.000	-62.044	0.402
5980.000	10.000	-62.044	0.402
5990.000	10.000	-62.954	0.400
6000.000	10.000	-62.808	0.397
6010.000	10.000	-62.142	0.396
6020.000	10.000	-62.575	0.399
6030.000	10.000	-63.104	0.402
6040.000	10.000	-62.504	0.404
6050.000	10.000	-62.871	0.354
6060.000	10.000	-63.400	0.261
6070.000	10.000	-62.652	0.186
6080.000	10.000	-63.165	0.140
6090.000	10.000	-63.002	0.104
6100.000	10.000	-62.909	0.080
6110.000	10.000	-63.209	0.057
6120.000	10.000	-63.209	0.042
6130.000	10.000	-62.900	0.034
6140.000	10.000	-63.206	0.026
6150.000	10.000	-64.060	0.018
6160.000	10.000	-63.099	0.018
6170.000	10.000	-64.090	-0.002
6180.000	10.000	-64.017	0.012
6190.000	10.000	-63.602	0.008
6200.000	10.000	-63.403	0.012
6210.000	10.000	-64.338	0.012
6220.000	10.000	-64.239	-0.000
6230.000	10.000	-63.726	0.007
6240.000	10.000	-64.589	0.008
6250.000	10.000	-63.568	0.002
6260.000	10.000	-63.854	0.004
6270.000	10.000	-64.017	0.015
6280.000	10.000	-63.777	0.006
6290.000	10.000	-63.744	0.007
6300.000	10.000	-64.256	0.012
6310.000	10.000	-63.540	0.004
6320.000	10.000	-64.495	0.006
6330.000	10.000	-65.080	0.006
6340.000	10.000	-63.778	0.003
6350.000	10.000	-64.091	0.004
6360.000	10.000	-64.604	0.008
6370.000	10.000	-63.969	0.012
6380.000	10.000	-65.072	0.006
6390.000	10.000	-64.998	0.004
6400.000	10.000	-64.752	0.008
6410.000	10.000	-64.898	0.004
6420.000	10.000	-64.736	0.012
6430.000	10.000	-64.736	0.006
6440.000	10.000	-65.468	0.004
6450.000	10.000	-65.615	0.001
6460.000	10.000	-65.149	0.006
6470.000	10.000	-64.782	0.002
6480.000	10.000	-64.945	0.003
6490.000	10.000	-65.385	0.003
6500.000	10.000	-65.484	0.006
6510.000	10.000	-65.338	0.006
6520.000	10.000	-64.413	-0.007
6530.000	10.000	-64.267	0.004
6540.000	10.000	-65.080	0.004
6550.000	10.000	-64.714	0.003
6560.000	10.000	-64.961	0.003
6570.000	10.000	-65.547	0.008
6580.000	10.000	-64.148	0.004
6590.000	10.000	-63.636	0.006
6600.000	10.000	-64.653	0.004
6610.000	10.000	-64.653	0.002
6620.000	10.000	-64.886	0.004
6630.000	10.000	-64.739	0.007
6640.000	10.000	-63.393	0.006
6650.000	10.000	-63.539	0.006
6660.000	10.000	-63.922	0.004
6670.000	10.000	-63.702	-0.000
6680.000	10.000	-64.148	0.006
6690.000	10.000	-64.002	0.006
6700.000	10.000	-62.818	0.008
6710.000	10.000	-62.672	0.006
6720.000	10.000	-63.038	0.007
6730.000	10.000	-62.672	0.006
6740.000	10.000	-62.911	0.006
6750.000	10.000	-63.204	0.004
6760.000	10.000	-62.243	0.006
6770.000	10.000	-61.803	0.006
6780.000	10.000	-62.186	0.004
6790.000	10.000	-62.179	0.004
6800.000	10.000	-62.126	0.006
6810.000	10.000	-62.581	0.004
6820.000	10.000	-61.649	0.008
6830.000	10.000	-61.722	0.004
6840.000	10.000	-62.422	0.004
6850.000	10.000	-61.557	0.004
6860.000	10.000	-62.112	0.006
6870.000	10.000	-61.290	0.006
6880.000	10.000	-61.290	0.006
6890.000	10.000	-61.589	0.004
6900.000	10.000	-60.914	0.006
6910.000	10.000	-60.914	0.006
6920.000	10.000	-61.260	0.007
6930.000	10.000	-60.487	0.006
6940.000	10.000	-60.487	0.006
6950.000	10.000	-60.620	0.008
6960.000	10.000	-59.985	0.004
6970.000	10.000	-59.985	0.004
6980.000	10.000	-60.498	0.006
6990.000	10.000	-60.132	0.009
7000.000	10.000	-60.132	0.009
7010.000	10.000	-60.352	0.007
