%Time [ms]	Commanded Torque [mNm]	Angular Velocity [RPM]	Actual Current [Amp]	%10/7/20259:44 AM
0.000	0.000	0.000	0.000
20.000	20.000	-1.953	-0.016
30.000	20.000	-1.953	-0.016
40.000	20.000	-1.953	-0.016
50.000	20.000	-13.672	0.007
60.000	20.000	-13.672	0.007
70.000	20.000	-13.672	0.007
80.000	20.000	-9.766	-0.010
90.000	20.000	-9.766	-0.010
100.000	20.000	-9.766	-0.010
110.000	20.000	3.906	-0.019
120.000	20.000	3.906	-0.019
130.000	20.000	3.906	-0.019
140.000	20.000	-13.672	-0.021
150.000	20.000	-13.672	-0.021
160.000	20.000	-13.672	-0.021
170.000	20.000	-5.859	-0.038
180.000	20.000	-5.859	-0.038
190.000	20.000	-5.859	-0.038
200.000	20.000	13.672	-0.019
210.000	20.000	13.672	-0.019
220.000	20.000	13.672	-0.019
230.000	20.000	-3.906	-0.017
240.000	20.000	-3.906	-0.017
250.000	20.000	-3.906	-0.017
260.000	20.000	-15.625	-0.016
270.000	20.000	-15.625	-0.016
280.000	20.000	-15.625	-0.016
290.000	20.000	-39.062	-0.015
300.000	20.000	-39.062	-0.015
310.000	20.000	-39.062	-0.015
320.000	20.000	37.109	-0.036
330.000	20.000	37.109	-0.036
340.000	20.000	37.109	-0.036
350.000	20.000	-1.953	-0.034
360.000	20.000	-1.953	-0.034
370.000	20.000	-1.953	-0.034
380.000	20.000	5.859	-0.040
390.000	20.000	5.859	-0.040
400.000	20.000	5.859	-0.040
410.000	20.000	-15.625	-0.015
420.000	20.000	-15.625	-0.015
430.000	20.000	-15.625	-0.015
440.000	20.000	-13.672	-0.017
450.000	20.000	-13.672	-0.017
460.000	20.000	-13.672	-0.017
470.000	20.000	-9.766	-0.019
480.000	20.000	-9.766	-0.019
490.000	20.000	-9.766	-0.019
500.000	20.000	-5.859	-0.004
510.000	20.000	-5.859	-0.004
520.000	20.000	-5.859	-0.004
530.000	20.000	3.906	-0.017
540.000	20.000	3.906	-0.017
550.000	20.000	3.906	-0.017
560.000	20.000	-35.156	-0.029
570.000	20.000	-35.156	-0.029
580.000	20.000	-35.156	-0.029
590.000	20.000	7.812	-0.012
600.000	20.000	7.812	-0.012
610.000	20.000	7.812	-0.012
620.000	20.000	-7.812	0.000
630.000	20.000	-7.812	0.000
640.000	20.000	-7.812	0.000
650.000	20.000	7.812	-0.036
660.000	20.000	7.812	-0.036
670.000	20.000	7.812	-0.036
680.000	20.000	0.000	-0.003
690.000	20.000	0.000	-0.003
700.000	20.000	0.000	-0.003
710.000	20.000	-3.906	-0.013
720.000	20.000	-3.906	-0.013
730.000	20.000	-3.906	-0.013
740.000	20.000	-3.906	-0.003
750.000	20.000	-3.906	-0.003
760.000	20.000	-3.906	-0.003
770.000	20.000	-3.906	-0.006
780.000	20.000	-3.906	-0.006
790.000	20.000	-3.906	-0.006
800.000	20.000	-1.953	-0.011
810.000	20.000	-1.953	-0.011
820.000	20.000	-1.953	-0.011
830.000	20.000	33.203	-0.026
840.000	20.000	33.203	-0.026
850.000	20.000	33.203	-0.026
860.000	20.000	-7.812	0.002
870.000	20.000	-7.812	0.002
880.000	20.000	-7.812	0.002
890.000	20.000	-1.953	-0.027
900.000	20.000	-1.953	-0.027
910.000	20.000	-1.953	-0.027
920.000	20.000	0.000	-0.014
930.000	20.000	0.000	-0.014
940.000	20.000	0.000	-0.014
950.000	20.000	-5.859	-0.020
960.000	20.000	-5.859	-0.020
970.000	20.000	-5.859	-0.020
980.000	20.000	-17.578	-0.013
990.000	20.000	-17.578	-0.013
1000.000	20.000	-17.578	-0.013
1010.000	20.000	-5.859	-0.025
1020.000	20.000	-5.859	-0.025
1030.000	20.000	-5.859	-0.025
1040.000	20.000	11.719	-0.002
1050.000	20.000	11.719	-0.002
1060.000	20.000	11.719	-0.002
1070.000	20.000	9.766	-0.021
1080.000	20.000	9.766	-0.021
1090.000	20.000	9.766	-0.021
1100.000	20.000	-1.953	0.320
1110.000	20.000	-1.953	0.320
1120.000	20.000	-1.953	0.320
1130.000	20.000	9.766	0.485
1140.000	20.000	9.766	0.485
1150.000	20.000	9.766	0.485
1160.000	20.000	70.312	0.548
1170.000	20.000	70.312	0.548
1180.000	20.000	70.312	0.548
1190.000	20.000	142.578	0.585
1200.000	20.000	142.578	0.585
1210.000	20.000	142.578	0.585
1220.000	20.000	177.734	0.610
1230.000	20.000	177.734	0.610
1240.000	20.000	177.734	0.610
1250.000	20.000	226.562	0.604
1260.000	20.000	226.562	0.604
1270.000	20.000	226.562	0.604
1280.000	20.000	265.625	0.587
1290.000	20.000	265.625	0.587
1300.000	20.000	265.625	0.587
1310.000	20.000	328.125	0.604
1320.000	20.000	328.125	0.604
1330.000	20.000	328.125	0.604
1340.000	20.000	345.703	0.605
1350.000	20.000	345.703	0.605
1360.000	20.000	345.703	0.605
1370.000	20.000	417.969	0.590
1380.000	20.000	417.969	0.590
1390.000	20.000	417.969	0.590
1400.000	20.000	468.750	0.591
1410.000	20.000	468.750	0.591
1420.000	20.000	468.750	0.591
1430.000	20.000	505.859	0.608
1440.000	20.000	505.859	0.608
1450.000	20.000	505.859	0.608
1460.000	20.000	560.547	0.595
1470.000	20.000	560.547	0.595
1480.000	20.000	560.547	0.595
1490.000	20.000	605.469	0.586
1500.000	20.000	605.469	0.586
1510.000	20.000	605.469	0.586
1520.000	20.000	634.766	0.574
1530.000	20.000	634.766	0.574
1540.000	20.000	634.766	0.574
1550.000	20.000	718.750	0.604
1560.000	20.000	718.750	0.604
1570.000	20.000	718.750	0.604
1580.000	20.000	744.141	0.594
1590.000	20.000	744.141	0.594
1600.000	20.000	744.141	0.594
1610.000	20.000	794.922	0.599
1620.000	20.000	794.922	0.599
1630.000	20.000	794.922	0.599
1640.000	20.000	863.281	0.596
1650.000	20.000	863.281	0.596
1660.000	20.000	863.281	0.596
1670.000	20.000	898.437	0.594
1680.000	20.000	898.437	0.594
1690.000	20.000	898.437	0.594
1700.000	20.000	927.734	0.593
1710.000	20.000	927.734	0.593
1720.000	20.000	927.734	0.593
1730.000	20.000	1005.859	0.594
1740.000	20.000	1005.859	0.594
1750.000	20.000	1005.859	0.594
1760.000	20.000	1019.531	0.600
1770.000	20.000	1019.531	0.600
1780.000	20.000	1019.531	0.600
1790.000	20.000	1023.437	0.609
1800.000	20.000	1023.437	0.609
1810.000	20.000	1023.437	0.609
1820.000	20.000	1117.187	0.593
1830.000	20.000	1117.187	0.593
1840.000	20.000	1117.187	0.593
1850.000	20.000	1222.656	0.597
1860.000	20.000	1222.656	0.597
1870.000	20.000	1222.656	0.597
1880.000	20.000	1216.797	0.597
1890.000	20.000	1216.797	0.597
1900.000	20.000	1216.797	0.597
1910.000	20.000	1271.484	0.598
1920.000	20.000	1271.484	0.598
1930.000	20.000	1271.484	0.598
1940.000	20.000	1275.391	0.597
1950.000	20.000	1275.391	0.597
1960.000	20.000	1275.391	0.597
1970.000	20.000	1335.937	0.608
1980.000	20.000	1335.937	0.608
1990.000	20.000	1335.937	0.608
2000.000	20.000	1365.234	0.603
2010.000	20.000	1365.234	0.603
2020.000	20.000	1365.234	0.603
2030.000	20.000	1455.078	0.587
2040.000	20.000	1455.078	0.587
2050.000	20.000	1455.078	0.587
2060.000	20.000	1476.562	0.594
2070.000	20.000	1476.562	0.594
2080.000	20.000	1476.562	0.594
2090.000	20.000	1513.672	0.584
2100.000	20.000	1513.672	0.584
2110.000	20.000	1513.672	0.584
2120.000	20.000	1583.984	0.592
2130.000	20.000	1583.984	0.592
2140.000	20.000	1583.984	0.592
2150.000	20.000	1611.328	0.583
2160.000	20.000	1611.328	0.583
2170.000	20.000	1611.328	0.583
2180.000	20.000	1654.297	0.592
2190.000	20.000	1654.297	0.592
2200.000	20.000	1654.297	0.592
2210.000	20.000	1666.016	0.620
2220.000	20.000	1666.016	0.620
2230.000	20.000	1666.016	0.620
2240.000	20.000	1802.734	0.595
2250.000	20.000	1802.734	0.595
2260.000	20.000	1802.734	0.595
2270.000	20.000	1791.016	0.589
2280.000	20.000	1791.016	0.589
2290.000	20.000	1791.016	0.589
2300.000	20.000	1830.078	0.598
2310.000	20.000	1830.078	0.598
2320.000	20.000	1830.078	0.598
2330.000	20.000	1853.516	0.581
2340.000	20.000	1853.516	0.581
2350.000	20.000	1853.516	0.581
2360.000	20.000	1886.719	0.595
2370.000	20.000	1886.719	0.595
2380.000	20.000	1886.719	0.595
2390.000	20.000	1955.078	0.572
2400.000	20.000	1955.078	0.572
2410.000	20.000	1955.078	0.572
2420.000	20.000	2021.484	0.562
2430.000	20.000	2021.484	0.562
2440.000	20.000	2021.484	0.562
2450.000	20.000	2056.641	0.592
2460.000	20.000	2056.641	0.592
2470.000	20.000	2056.641	0.592
2480.000	20.000	2056.641	0.598
2490.000	20.000	2056.641	0.598
2500.000	20.000	2056.641	0.598
2510.000	20.000	2136.719	0.586
2520.000	20.000	2136.719	0.586
2530.000	20.000	2136.719	0.586
2540.000	20.000	2132.812	0.589
2550.000	20.000	2132.812	0.589
2560.000	20.000	2132.812	0.589
2570.000	20.000	2193.359	0.592
2580.000	20.000	2193.359	0.592
2590.000	20.000	2193.359	0.592
2600.000	20.000	2246.094	0.599
2610.000	20.000	2246.094	0.599
2620.000	20.000	2246.094	0.599
2630.000	20.000	2271.484	0.581
2640.000	20.000	2271.484	0.581
2650.000	20.000	2271.484	0.581
2660.000	20.000	2337.891	0.585
2670.000	20.000	2337.891	0.585
2680.000	20.000	2337.891	0.585
2690.000	20.000	2414.062	0.594
2700.000	20.000	2414.062	0.594
2710.000	20.000	2414.062	0.594
2720.000	20.000	2408.203	0.593
2730.000	20.000	2408.203	0.593
2740.000	20.000	2408.203	0.593
2750.000	20.000	2464.844	0.600
2760.000	20.000	2464.844	0.600
2770.000	20.000	2464.844	0.600
2780.000	20.000	2525.391	0.593
2790.000	20.000	2525.391	0.593
2800.000	20.000	2525.391	0.593
2810.000	20.000	2523.437	0.606
2820.000	20.000	2523.437	0.606
2830.000	20.000	2523.437	0.606
2840.000	20.000	2572.266	0.589
2850.000	20.000	2572.266	0.589
2860.000	20.000	2572.266	0.589
2870.000	20.000	2591.797	0.585
2880.000	20.000	2591.797	0.585
2890.000	20.000	2591.797	0.585
2900.000	20.000	2675.781	0.599
2910.000	20.000	2675.781	0.599
2920.000	20.000	2675.781	0.599
2930.000	20.000	2748.047	0.586
2940.000	20.000	2748.047	0.586
2950.000	20.000	2748.047	0.586
2960.000	20.000	2765.625	0.566
2970.000	20.000	2765.625	0.566
2980.000	20.000	2765.625	0.566
2990.000	20.000	2810.547	0.593
3000.000	20.000	2810.547	0.593
3010.000	20.000	2810.547	0.593
3020.000	20.000	2869.141	0.590
3030.000	20.000	2869.141	0.590
3040.000	20.000	2869.141	0.590
3050.000	20.000	2875.000	0.589
3060.000	20.000	2875.000	0.589
3070.000	20.000	2875.000	0.589
3080.000	20.000	2894.531	0.572
3090.000	20.000	2894.531	0.572
3100.000	20.000	2894.531	0.572
3110.000	20.000	2970.703	0.600
3120.000	20.000	2970.703	0.600
3130.000	20.000	2970.703	0.600
3140.000	20.000	3013.672	0.598
3150.000	20.000	3013.672	0.598
3160.000	20.000	3013.672	0.598
3170.000	20.000	3044.922	0.606
3180.000	20.000	3044.922	0.606
3190.000	20.000	3044.922	0.606
3200.000	20.000	3078.125	0.594
3210.000	20.000	3078.125	0.594
3220.000	20.000	3078.125	0.594
3230.000	20.000	3126.953	0.591
3240.000	20.000	3126.953	0.591
3250.000	20.000	3126.953	0.591
3260.000	20.000	3185.547	0.595
3270.000	20.000	3185.547	0.595
3280.000	20.000	3185.547	0.595
3290.000	20.000	3222.656	0.592
3300.000	20.000	3222.656	0.592
3310.000	20.000	3222.656	0.592
3320.000	20.000	3224.609	0.597
3330.000	20.000	3224.609	0.597
3340.000	20.000	3224.609	0.597
3350.000	20.000	3294.922	0.598
3360.000	20.000	3294.922	0.598
3370.000	20.000	3294.922	0.598
3380.000	20.000	3308.594	0.606
3390.000	20.000	3308.594	0.606
3400.000	20.000	3308.594	0.606
3410.000	20.000	3367.187	0.580
3420.000	20.000	3367.187	0.580
3430.000	20.000	3367.187	0.580
3440.000	20.000	3384.766	0.581
3450.000	20.000	3384.766	0.581
3460.000	20.000	3384.766	0.581
3470.000	20.000	3419.922	0.589
3480.000	20.000	3419.922	0.589
3490.000	20.000	3419.922	0.589
3500.000	20.000	3453.125	0.609
3510.000	20.000	3453.125	0.609
3520.000	20.000	3453.125	0.609
3530.000	20.000	3509.766	0.585
3540.000	20.000	3509.766	0.585
3550.000	20.000	3509.766	0.585
3560.000	20.000	3556.641	0.596
3570.000	20.000	3556.641	0.596
3580.000	20.000	3556.641	0.596
3590.000	20.000	3537.109	0.586
3600.000	20.000	3537.109	0.586
3610.000	20.000	3537.109	0.586
3620.000	20.000	3652.344	0.585
3630.000	20.000	3652.344	0.585
3640.000	20.000	3652.344	0.585
3650.000	20.000	3675.781	0.594
3660.000	20.000	3675.781	0.594
3670.000	20.000	3675.781	0.594
3680.000	20.000	3691.406	0.589
3690.000	20.000	3691.406	0.589
3700.000	20.000	3691.406	0.589
3710.000	20.000	3757.812	0.587
3720.000	20.000	3757.812	0.587
3730.000	20.000	3757.812	0.587
3740.000	20.000	3798.828	0.594
3750.000	20.000	3798.828	0.594
3760.000	20.000	3798.828	0.594
3770.000	20.000	3755.859	0.534
3780.000	20.000	3755.859	0.534
3790.000	20.000	3755.859	0.534
3800.000	20.000	3896.484	0.596
3810.000	20.000	3896.484	0.596
3820.000	20.000	3896.484	0.596
3830.000	20.000	3904.297	0.602
3840.000	20.000	3904.297	0.602
3850.000	20.000	3904.297	0.602
3860.000	20.000	3935.547	0.597
3870.000	20.000	3935.547	0.597
3880.000	20.000	3935.547	0.597
3890.000	20.000	3972.656	0.591
3900.000	20.000	3972.656	0.591
3910.000	20.000	3972.656	0.591
3920.000	20.000	3998.047	0.609
3930.000	20.000	3998.047	0.609
3940.000	20.000	3998.047	0.609
3950.000	20.000	3998.047	0.587
3960.000	20.000	3998.047	0.587
3970.000	20.000	3998.047	0.587
3980.000	20.000	3998.047	0.591
3990.000	20.000	3998.047	0.591
4000.000	20.000	3998.047	0.591
4010.000	20.000	3998.047	0.593
4020.000	20.000	3998.047	0.593
4030.000	20.000	3998.047	0.593
4040.000	20.000	3998.047	0.456
4050.000	20.000	3998.047	0.456
4060.000	20.000	3998.047	0.456
4070.000	20.000	3998.047	0.241
4080.000	20.000	3998.047	0.241
4090.000	20.000	3998.047	0.241
4100.000	20.000	3998.047	0.027
4110.000	20.000	3998.047	0.027
4120.000	20.000	3998.047	0.027
4130.000	20.000	3998.047	-0.116
4140.000	20.000	3998.047	-0.116
4150.000	20.000	3998.047	-0.116
4160.000	20.000	3998.047	-0.271
4170.000	20.000	3998.047	-0.271
4180.000	20.000	3998.047	-0.271
4190.000	20.000	3998.047	-0.317
4200.000	20.000	3998.047	-0.317
4210.000	20.000	3998.047	-0.317
4220.000	20.000	3998.047	-0.285
4230.000	20.000	3998.047	-0.285
4240.000	20.000	3998.047	-0.285
4250.000	20.000	3966.797	-0.184
4260.000	20.000	3966.797	-0.184
4270.000	20.000	3966.797	-0.184
4280.000	20.000	3974.609	-0.092
4290.000	20.000	3974.609	-0.092
4300.000	20.000	3974.609	-0.092
4310.000	20.000	3976.562	0.073
4320.000	20.000	3976.562	0.073
4330.000	20.000	3976.562	0.073
4340.000	20.000	3980.469	0.200
4350.000	20.000	3980.469	0.200
4360.000	20.000	3980.469	0.200
4370.000	20.000	3955.078	0.358
4380.000	20.000	3955.078	0.358
4390.000	20.000	3955.078	0.358
4400.000	20.000	3998.047	0.454
4410.000	20.000	3998.047	0.454
4420.000	20.000	3998.047	0.454
4430.000	20.000	3998.047	0.497
4440.000	20.000	3998.047	0.497
4450.000	20.000	3998.047	0.497
4460.000	20.000	3998.047	0.457
4470.000	20.000	3998.047	0.457
4480.000	20.000	3998.047	0.457
4490.000	20.000	3998.047	0.370
4500.000	20.000	3998.047	0.370
4510.000	20.000	3998.047	0.370
4520.000	20.000	3998.047	0.282
4530.000	20.000	3998.047	0.282
4540.000	20.000	3998.047	0.282
4550.000	20.000	3998.047	0.167
4560.000	20.000	3998.047	0.167
4570.000	20.000	3998.047	0.167
4580.000	20.000	3998.047	0.080
4590.000	20.000	3998.047	0.080
4600.000	20.000	3998.047	0.080
4610.000	20.000	3998.047	0.063
4620.000	20.000	3998.047	0.063
4630.000	20.000	3998.047	0.063
4640.000	20.000	3998.047	0.024
4650.000	20.000	3998.047	0.024
4660.000	20.000	3998.047	0.024
4670.000	20.000	3998.047	0.018
4680.000	20.000	3998.047	0.018
4690.000	20.000	3998.047	0.018
4700.000	20.000	3998.047	0.019
4710.000	20.000	3998.047	0.019
4720.000	20.000	3998.047	0.019
4730.000	20.000	3998.047	0.049
4740.000	20.000	3998.047	0.049
4750.000	20.000	3998.047	0.049
4760.000	20.000	3998.047	0.073
4770.000	20.000	3998.047	0.073
4780.000	20.000	3998.047	0.073
4790.000	20.000	3998.047	0.131
4800.000	20.000	3998.047	0.131
4810.000	20.000	3998.047	0.131
4820.000	20.000	3998.047	0.174
4830.000	20.000	3998.047	0.174
4840.000	20.000	3998.047	0.174
4850.000	20.000	3998.047	0.256
4860.000	20.000	3998.047	0.256
4870.000	20.000	3998.047	0.256
4880.000	20.000	3998.047	0.279
4890.000	20.000	3998.047	0.279
4900.000	20.000	3998.047	0.279
4910.000	20.000	3998.047	0.278
4920.000	20.000	3998.047	0.278
4930.000	20.000	3998.047	0.278
4940.000	20.000	3998.047	0.269
4950.000	20.000	3998.047	0.269
4960.000	20.000	3998.047	0.269
4970.000	20.000	3998.047	0.257
4980.000	20.000	3998.047	0.257
4990.000	20.000	3998.047	0.257
5000.000	20.000	3998.047	0.218
5010.000	20.000	3998.047	0.218
5020.000	20.000	3998.047	0.218
5030.000	20.000	3998.047	0.195
5040.000	20.000	3998.047	0.195
5050.000	20.000	3998.047	0.195
5060.000	20.000	3998.047	0.144
5070.000	20.000	3998.047	0.144
5080.000	20.000	3998.047	0.144
5090.000	20.000	3998.047	0.113
5100.000	20.000	3998.047	0.113
5110.000	20.000	3998.047	0.113
5120.000	20.000	3998.047	0.089
5130.000	20.000	3998.047	0.089
5140.000	20.000	3998.047	0.089
5150.000	20.000	3998.047	0.091
5160.000	20.000	3998.047	0.091
5170.000	20.000	3998.047	0.091
5180.000	20.000	3998.047	0.093
5190.000	20.000	3998.047	0.093
5200.000	20.000	3998.047	0.093
5210.000	20.000	3998.047	0.106
5220.000	20.000	3998.047	0.106
5230.000	20.000	3998.047	0.106
5240.000	20.000	3998.047	0.120
5250.000	20.000	3998.047	0.120
5260.000	20.000	3998.047	0.120
5270.000	20.000	3998.047	0.157
5280.000	20.000	3998.047	0.157
5290.000	20.000	3998.047	0.157
5300.000	20.000	3998.047	0.182
5310.000	20.000	3998.047	0.182
5320.000	20.000	3998.047	0.182
5330.000	20.000	3998.047	0.213
5340.000	20.000	3998.047	0.213
5350.000	20.000	3998.047	0.213
5360.000	20.000	3998.047	0.217
5370.000	20.000	3998.047	0.217
5380.000	20.000	3998.047	0.217
5390.000	20.000	3998.047	0.218
5400.000	20.000	3998.047	0.218
5410.000	20.000	3998.047	0.218
5420.000	20.000	3998.047	0.187
5430.000	20.000	3998.047	0.187
5440.000	20.000	3998.047	0.187
5450.000	20.000	3998.047	0.206
5460.000	20.000	3998.047	0.206
5470.000	20.000	3998.047	0.206
5480.000	20.000	3998.047	0.182
5490.000	20.000	3998.047	0.182
5500.000	20.000	3998.047	0.182
5510.000	20.000	3998.047	0.161
5520.000	20.000	3998.047	0.161
5530.000	20.000	3998.047	0.161
5540.000	20.000	3998.047	0.146
5550.000	20.000	3998.047	0.146
5560.000	20.000	3998.047	0.146
5570.000	20.000	3998.047	0.138
5580.000	20.000	3998.047	0.138
5590.000	20.000	3998.047	0.138
5600.000	20.000	3998.047	0.137
5610.000	20.000	3998.047	0.137
5620.000	20.000	3998.047	0.137
5630.000	20.000	3998.047	0.151
5640.000	20.000	3998.047	0.151
5650.000	20.000	3998.047	0.151
5660.000	20.000	3998.047	0.154
5670.000	20.000	3998.047	0.154
5680.000	20.000	3998.047	0.154
5690.000	20.000	3998.047	0.162
5700.000	20.000	3998.047	0.162
5710.000	20.000	3998.047	0.162
5720.000	20.000	3998.047	0.145
5730.000	20.000	3998.047	0.145
5740.000	20.000	3998.047	0.145
5750.000	20.000	3998.047	0.192
5760.000	20.000	3998.047	0.192
5770.000	20.000	3998.047	0.192
5780.000	20.000	3998.047	0.181
5790.000	20.000	3998.047	0.181
5800.000	20.000	3998.047	0.181
5810.000	20.000	3998.047	0.178
5820.000	20.000	3998.047	0.178
5830.000	20.000	3998.047	0.178
5840.000	20.000	3998.047	0.186
5850.000	20.000	3998.047	0.186
5860.000	20.000	3998.047	0.186
5870.000	20.000	3998.047	0.174
5880.000	20.000	3998.047	0.174
5890.000	20.000	3998.047	0.174
5900.000	20.000	3998.047	0.186
5910.000	20.000	3998.047	0.186
5920.000	20.000	3998.047	0.186
5930.000	20.000	3998.047	0.174
5940.000	20.000	3998.047	0.174
5950.000	20.000	3998.047	0.174
5960.000	20.000	3998.047	0.146
5970.000	20.000	3998.047	0.146
5980.000	20.000	3998.047	0.146
5990.000	20.000	3998.047	0.155
6000.000	20.000	3998.047	0.155
6010.000	20.000	3998.047	0.155
6020.000	20.000	3998.047	0.152
6030.000	20.000	3998.047	0.152
6040.000	20.000	3998.047	0.152
6050.000	20.000	3998.047	0.151
6060.000	20.000	3998.047	0.151
6070.000	20.000	3998.047	0.151
6080.000	20.000	3998.047	0.154
6090.000	20.000	3998.047	0.154
6100.000	20.000	3998.047	0.154
6110.000	20.000	3998.047	0.056
6120.000	20.000	3998.047	0.056
6130.000	20.000	3998.047	0.056
6140.000	20.000	3998.047	0.021
6150.000	20.000	3998.047	0.021
6160.000	20.000	3998.047	0.021
6170.000	20.000	3996.094	-0.006
6180.000	20.000	3996.094	-0.006
6190.000	20.000	3996.094	-0.006
6200.000	20.000	3974.609	-0.018
6210.000	20.000	3974.609	-0.018
6220.000	20.000	3974.609	-0.018
6230.000	20.000	3968.750	-0.018
6240.000	20.000	3968.750	-0.018
6250.000	20.000	3968.750	-0.018
6260.000	20.000	3986.328	-0.010
6270.000	20.000	3986.328	-0.010
6280.000	20.000	3986.328	-0.010
6290.000	20.000	3925.781	-0.022
6300.000	20.000	3925.781	-0.022
6310.000	20.000	3925.781	-0.022
6320.000	20.000	3943.359	-0.015
6330.000	20.000	3943.359	-0.015
6340.000	20.000	3943.359	-0.015
6350.000	20.000	3898.437	-0.014
6360.000	20.000	3898.437	-0.014
6370.000	20.000	3898.437	-0.014
6380.000	20.000	3865.234	-0.002
6390.000	20.000	3865.234	-0.002
6400.000	20.000	3865.234	-0.002
6410.000	20.000	3859.375	-0.024
6420.000	20.000	3859.375	-0.024
6430.000	20.000	3859.375	-0.024
6440.000	20.000	3851.562	-0.022
6450.000	20.000	3851.562	-0.022
6460.000	20.000	3851.562	-0.022
6470.000	20.000	3843.750	-0.024
6480.000	20.000	3843.750	-0.024
6490.000	20.000	3843.750	-0.024
6500.000	20.000	3830.078	-0.018
6510.000	20.000	3830.078	-0.018
6520.000	20.000	3830.078	-0.018
6530.000	20.000	3837.891	-0.018
6540.000	20.000	3837.891	-0.018
6550.000	20.000	3837.891	-0.018
6560.000	20.000	3800.781	-0.016
6570.000	20.000	3800.781	-0.016
6580.000	20.000	3800.781	-0.016
6590.000	20.000	3781.250	-0.020
6600.000	20.000	3781.250	-0.020
6610.000	20.000	3781.250	-0.020
6620.000	20.000	3757.812	-0.021
6630.000	20.000	3757.812	-0.021
6640.000	20.000	3757.812	-0.021
6650.000	20.000	3732.422	-0.012
6660.000	20.000	3732.422	-0.012
6670.000	20.000	3732.422	-0.012
6680.000	20.000	3726.562	-0.012
6690.000	20.000	3726.562	-0.012
6700.000	20.000	3726.562	-0.012
6710.000	20.000	3728.516	-0.022
6720.000	20.000	3728.516	-0.022
6730.000	20.000	3728.516	-0.022
6740.000	20.000	3697.266	-0.018
6750.000	20.000	3697.266	-0.018
6760.000	20.000	3697.266	-0.018
6770.000	20.000	3681.641	-0.014
6780.000	20.000	3681.641	-0.014
6790.000	20.000	3681.641	-0.014
6800.000	20.000	3652.344	-0.023
6810.000	20.000	3652.344	-0.023
6820.000	20.000	3652.344	-0.023
6830.000	20.000	3695.312	-0.020
6840.000	20.000	3695.312	-0.020
6850.000	20.000	3695.312	-0.020
6860.000	20.000	3638.672	-0.008
6870.000	20.000	3638.672	-0.008
6880.000	20.000	3638.672	-0.008
6890.000	20.000	3597.656	-0.022
6900.000	20.000	3597.656	-0.022
6910.000	20.000	3597.656	-0.022
6920.000	20.000	3568.359	-0.018
6930.000	20.000	3568.359	-0.018
6940.000	20.000	3568.359	-0.018
6950.000	20.000	3591.797	-0.001
6960.000	20.000	3591.797	-0.001
6970.000	20.000	3591.797	-0.001
6980.000	20.000	3580.078	-0.014
6990.000	20.000	3580.078	-0.014
7000.000	20.000	3580.078	-0.014
7010.000	20.000	3550.781	-0.025
7020.000	20.000	3550.781	-0.025
20.000	2.000	1.953	-0.001
30.000	2.000	0.000	-0.016
40.000	2.000	0.000	-0.016
50.000	2.000	0.000	-0.016
60.000	2.000	-5.859	-0.019
70.000	2.000	-5.859	-0.019
80.000	2.000	-5.859	-0.019
90.000	2.000	-3.906	-0.007
100.000	2.000	-3.906	-0.007
110.000	2.000	-3.906	-0.007
120.000	2.000	-15.625	-0.009
130.000	2.000	-15.625	-0.009
140.000	2.000	-15.625	-0.009
150.000	2.000	13.672	-0.009
160.000	2.000	13.672	-0.009
170.000	2.000	13.672	-0.009
180.000	2.000	5.859	-0.011
190.000	2.000	5.859	-0.011
200.000	2.000	5.859	-0.011
210.000	2.000	5.859	0.005
220.000	2.000	5.859	0.005
230.000	2.000	5.859	0.005
240.000	2.000	-3.906	-0.007
250.000	2.000	-3.906	-0.007
260.000	2.000	-3.906	-0.007
270.000	2.000	-3.906	-0.010
280.000	2.000	-3.906	-0.010
290.000	2.000	-3.906	-0.010
300.000	2.000	0.000	-0.021
310.000	2.000	0.000	-0.021
320.000	2.000	0.000	-0.021
330.000	2.000	-9.766	-0.014
340.000	2.000	-9.766	-0.014
350.000	2.000	-9.766	-0.014
360.000	2.000	5.859	-0.003
370.000	2.000	5.859	-0.003
380.000	2.000	5.859	-0.003
390.000	2.000	-41.016	-0.013
400.000	2.000	-41.016	-0.013
410.000	2.000	-41.016	-0.013
420.000	2.000	9.766	-0.027
430.000	2.000	9.766	-0.027
440.000	2.000	9.766	-0.027
450.000	2.000	-3.906	-0.017
460.000	2.000	-3.906	-0.017
470.000	2.000	-3.906	-0.017
480.000	2.000	-1.953	-0.032
490.000	2.000	-1.953	-0.032
500.000	2.000	-1.953	-0.032
510.000	2.000	-5.859	-0.010
520.000	2.000	-5.859	-0.010
530.000	2.000	-5.859	-0.010
540.000	2.000	-1.953	-0.014
550.000	2.000	-1.953	-0.014
560.000	2.000	-1.953	-0.014
570.000	2.000	-1.953	-0.011
580.000	2.000	-1.953	-0.011
590.000	2.000	-1.953	-0.011
600.000	2.000	-1.953	-0.005
610.000	2.000	-1.953	-0.005
620.000	2.000	-1.953	-0.005
630.000	2.000	-5.859	-0.017
640.000	2.000	-5.859	-0.017
650.000	2.000	-5.859	-0.017
660.000	2.000	-7.812	-0.005
670.000	2.000	-7.812	-0.005
680.000	2.000	-7.812	-0.005
690.000	2.000	-3.906	-0.013
700.000	2.000	-3.906	-0.013
710.000	2.000	-3.906	-0.013
720.000	2.000	-11.719	-0.017
730.000	2.000	-11.719	-0.017
740.000	2.000	-11.719	-0.017
750.000	2.000	3.906	-0.039
760.000	2.000	3.906	-0.039
770.000	2.000	3.906	-0.039
780.000	2.000	23.437	-0.015
790.000	2.000	23.437	-0.015
800.000	2.000	23.437	-0.015
810.000	2.000	11.719	-0.014
820.000	2.000	11.719	-0.014
830.000	2.000	11.719	-0.014
840.000	2.000	1.953	-0.011
850.000	2.000	1.953	-0.011
860.000	2.000	1.953	-0.011
870.000	2.000	-1.953	-0.009
880.000	2.000	-1.953	-0.009
890.000	2.000	-1.953	-0.009
900.000	2.000	-11.719	-0.037
910.000	2.000	-11.719	-0.037
920.000	2.000	-11.719	-0.037
930.000	2.000	-5.859	-0.004
940.000	2.000	-5.859	-0.004
950.000	2.000	-5.859	-0.004
960.000	2.000	-5.859	-0.011
970.000	2.000	-5.859	-0.011
980.000	2.000	-5.859	-0.011
990.000	2.000	-7.812	-0.017
1000.000	2.000	-7.812	-0.017
1010.000	2.000	-7.812	-0.017
1020.000	2.000	-42.969	-0.002
1030.000	2.000	-42.969	-0.002
1040.000	2.000	-42.969	-0.002
1050.000	2.000	-5.859	-0.006
1060.000	2.000	-5.859	-0.006
1070.000	2.000	-5.859	-0.006
1080.000	2.000	-11.719	0.006
1090.000	2.000	-11.719	0.006
1100.000	2.000	-11.719	0.006
1110.000	2.000	1.953	-0.006
1120.000	2.000	1.953	-0.006
1130.000	2.000	1.953	-0.006
1140.000	2.000	-3.906	0.032
1150.000	2.000	-3.906	0.032
1160.000	2.000	-3.906	0.032
1170.000	2.000	3.906	0.043
1180.000	2.000	3.906	0.043
1190.000	2.000	3.906	0.043
1200.000	2.000	-1.953	0.045
1210.000	2.000	-1.953	0.045
1220.000	2.000	-1.953	0.045
1230.000	2.000	1.953	0.048
1240.000	2.000	1.953	0.048
1250.000	2.000	1.953	0.048
1260.000	2.000	-1.953	0.037
1270.000	2.000	-1.953	0.037
1280.000	2.000	-1.953	0.037
1290.000	2.000	-5.859	0.048
1300.000	2.000	-5.859	0.048
1310.000	2.000	-5.859	0.048
1320.000	2.000	-3.906	0.049
1330.000	2.000	-3.906	0.049
1340.000	2.000	-3.906	0.049
1350.000	2.000	-3.906	0.050
1360.000	2.000	-3.906	0.050
1370.000	2.000	-3.906	0.050
1380.000	2.000	-7.812	0.047
1390.000	2.000	-7.812	0.047
1400.000	2.000	-7.812	0.047
1410.000	2.000	-9.766	0.051
1420.000	2.000	-9.766	0.051
1430.000	2.000	-9.766	0.051
1440.000	2.000	-1.953	0.046
1450.000	2.000	-1.953	0.046
1460.000	2.000	-1.953	0.046
1470.000	2.000	-15.625	0.047
1480.000	2.000	-15.625	0.047
1490.000	2.000	-15.625	0.047
1500.000	2.000	-44.922	0.052
1510.000	2.000	-44.922	0.052
1520.000	2.000	-44.922	0.052
1530.000	2.000	3.906	0.042
1540.000	2.000	3.906	0.042
1550.000	2.000	3.906	0.042
1560.000	2.000	-9.766	0.023
1570.000	2.000	-9.766	0.023
1580.000	2.000	-9.766	0.023
1590.000	2.000	0.000	0.046
1600.000	2.000	0.000	0.046
1610.000	2.000	0.000	0.046
1620.000	2.000	0.000	0.048
1630.000	2.000	0.000	0.048
1640.000	2.000	0.000	0.048
1650.000	2.000	-3.906	0.047
1660.000	2.000	-3.906	0.047
1670.000	2.000	-3.906	0.047
1680.000	2.000	15.625	0.067
1690.000	2.000	15.625	0.067
1700.000	2.000	15.625	0.067
1710.000	2.000	0.000	0.044
1720.000	2.000	0.000	0.044
1730.000	2.000	0.000	0.044
1740.000	2.000	3.906	0.047
1750.000	2.000	3.906	0.047
1760.000	2.000	3.906	0.047
1770.000	2.000	-3.906	0.046
1780.000	2.000	-3.906	0.046
1790.000	2.000	-3.906	0.046
1800.000	2.000	19.531	0.047
1810.000	2.000	19.531	0.047
1820.000	2.000	19.531	0.047
1830.000	2.000	-21.484	0.039
1840.000	2.000	-21.484	0.039
1850.000	2.000	-21.484	0.039
1860.000	2.000	11.719	0.045
1870.000	2.000	11.719	0.045
1880.000	2.000	11.719	0.045
1890.000	2.000	-3.906	0.044
1900.000	2.000	-3.906	0.044
1910.000	2.000	-3.906	0.044
1920.000	2.000	0.000	0.053
1930.000	2.000	0.000	0.053
1940.000	2.000	0.000	0.053
1950.000	2.000	-35.156	0.049
1960.000	2.000	-35.156	0.049
1970.000	2.000	-35.156	0.049
1980.000	2.000	-3.906	0.043
1990.000	2.000	-3.906	0.043
2000.000	2.000	-3.906	0.043
2010.000	2.000	1.953	0.029
2020.000	2.000	1.953	0.029
2030.000	2.000	1.953	0.029
2040.000	2.000	29.297	0.048
2050.000	2.000	29.297	0.048
2060.000	2.000	29.297	0.048
2070.000	2.000	9.766	0.040
2080.000	2.000	9.766	0.040
2090.000	2.000	9.766	0.040
2100.000	2.000	-1.953	0.050
2110.000	2.000	-1.953	0.050
2120.000	2.000	-1.953	0.050
2130.000	2.000	-3.906	0.056
2140.000	2.000	-3.906	0.056
2150.000	2.000	-3.906	0.056
2160.000	2.000	-5.859	0.044
2170.000	2.000	-5.859	0.044
2180.000	2.000	-5.859	0.044
2190.000	2.000	-1.953	0.043
2200.000	2.000	-1.953	0.043
2210.000	2.000	-1.953	0.043
2220.000	2.000	17.578	0.047
2230.000	2.000	17.578	0.047
2240.000	2.000	17.578	0.047
2250.000	2.000	-5.859	0.043
2260.000	2.000	-5.859	0.043
2270.000	2.000	-5.859	0.043
2280.000	2.000	-5.859	0.043
2290.000	2.000	-5.859	0.043
2300.000	2.000	-5.859	0.043
2310.000	2.000	-3.906	0.053
2320.000	2.000	-3.906	0.053
2330.000	2.000	-3.906	0.053
2340.000	2.000	-5.859	0.046
2350.000	2.000	-5.859	0.046
2360.000	2.000	-5.859	0.046
2370.000	2.000	5.859	0.038
2380.000	2.000	5.859	0.038
2390.000	2.000	5.859	0.038
2400.000	2.000	-9.766	0.049
2410.000	2.000	-9.766	0.049
2420.000	2.000	-9.766	0.049
2430.000	2.000	-5.859	0.048
2440.000	2.000	-5.859	0.048
2450.000	2.000	-5.859	0.048
2460.000	2.000	3.906	0.062
2470.000	2.000	3.906	0.062
2480.000	2.000	3.906	0.062
2490.000	2.000	1.953	0.045
2500.000	2.000	1.953	0.045
2510.000	2.000	1.953	0.045
2520.000	2.000	7.812	0.044
2530.000	2.000	7.812	0.044
2540.000	2.000	7.812	0.044
2550.000	2.000	-7.812	0.037
2560.000	2.000	-7.812	0.037
2570.000	2.000	-7.812	0.037
2580.000	2.000	-11.719	0.055
2590.000	2.000	-11.719	0.055
2600.000	2.000	-11.719	0.055
2610.000	2.000	1.953	0.045
2620.000	2.000	1.953	0.045
2630.000	2.000	1.953	0.045
2640.000	2.000	1.953	0.054
2650.000	2.000	1.953	0.054
2660.000	2.000	1.953	0.054
2670.000	2.000	-17.578	0.046
2680.000	2.000	-17.578	0.046
2690.000	2.000	-17.578	0.046
2700.000	2.000	-3.906	0.041
2710.000	2.000	-3.906	0.041
2720.000	2.000	-3.906	0.041
2730.000	2.000	7.812	0.044
2740.000	2.000	7.812	0.044
2750.000	2.000	7.812	0.044
2760.000	2.000	-5.859	0.047
2770.000	2.000	-5.859	0.047
2780.000	2.000	-5.859	0.047
2790.000	2.000	1.953	0.043
2800.000	2.000	1.953	0.043
2810.000	2.000	1.953	0.043
2820.000	2.000	-1.953	0.036
2830.000	2.000	-1.953	0.036
2840.000	2.000	-1.953	0.036
2850.000	2.000	-35.156	0.042
2860.000	2.000	-35.156	0.042
2870.000	2.000	-35.156	0.042
2880.000	2.000	-15.625	0.025
2890.000	2.000	-15.625	0.025
2900.000	2.000	-15.625	0.025
2910.000	2.000	0.000	0.044
2920.000	2.000	0.000	0.044
2930.000	2.000	0.000	0.044
2940.000	2.000	-5.859	0.044
2950.000	2.000	-5.859	0.044
2960.000	2.000	-5.859	0.044
2970.000	2.000	-46.875	0.046
2980.000	2.000	-46.875	0.046
2990.000	2.000	-46.875	0.046
3000.000	2.000	1.953	0.049
3010.000	2.000	1.953	0.049
3020.000	2.000	1.953	0.049
3030.000	2.000	-29.297	0.047
3040.000	2.000	-29.297	0.047
3050.000	2.000	-29.297	0.047
3060.000	2.000	9.766	0.034
3070.000	2.000	9.766	0.034
3080.000	2.000	9.766	0.034
3090.000	2.000	-5.859	0.044
3100.000	2.000	-5.859	0.044
3110.000	2.000	-5.859	0.044
3120.000	2.000	1.953	0.052
3130.000	2.000	1.953	0.052
3140.000	2.000	1.953	0.052
3150.000	2.000	3.906	0.048
3160.000	2.000	3.906	0.048
3170.000	2.000	3.906	0.048
3180.000	2.000	23.437	0.044
3190.000	2.000	23.437	0.044
3200.000	2.000	23.437	0.044
3210.000	2.000	-5.859	0.050
3220.000	2.000	-5.859	0.050
3230.000	2.000	-5.859	0.050
3240.000	2.000	-3.906	0.043
3250.000	2.000	-3.906	0.043
3260.000	2.000	-3.906	0.043
3270.000	2.000	-1.953	0.047
3280.000	2.000	-1.953	0.047
3290.000	2.000	-1.953	0.047
3300.000	2.000	0.000	0.048
3310.000	2.000	0.000	0.048
3320.000	2.000	0.000	0.048
3330.000	2.000	5.859	0.050
3340.000	2.000	5.859	0.050
3350.000	2.000	5.859	0.050
3360.000	2.000	-7.812	0.054
3370.000	2.000	-7.812	0.054
3380.000	2.000	-7.812	0.054
3390.000	2.000	-13.672	0.044
3400.000	2.000	-13.672	0.044
3410.000	2.000	-13.672	0.044
3420.000	2.000	0.000	0.044
3430.000	2.000	0.000	0.044
3440.000	2.000	0.000	0.044
3450.000	2.000	3.906	0.043
3460.000	2.000	3.906	0.043
3470.000	2.000	3.906	0.043
3480.000	2.000	-5.859	0.059
3490.000	2.000	-5.859	0.059
3500.000	2.000	-5.859	0.059
3510.000	2.000	3.906	0.045
3520.000	2.000	3.906	0.045
3530.000	2.000	3.906	0.045
3540.000	2.000	-5.859	0.049
3550.000	2.000	-5.859	0.049
3560.000	2.000	-5.859	0.049
3570.000	2.000	-5.859	0.020
3580.000	2.000	-5.859	0.020
3590.000	2.000	-5.859	0.020
3600.000	2.000	-9.766	0.049
3610.000	2.000	-9.766	0.049
3620.000	2.000	-9.766	0.049
3630.000	2.000	21.484	0.046
3640.000	2.000	21.484	0.046
3650.000	2.000	21.484	0.046
3660.000	2.000	1.953	0.037
3670.000	2.000	1.953	0.037
3680.000	2.000	1.953	0.037
3690.000	2.000	5.859	0.047
3700.000	2.000	5.859	0.047
3710.000	2.000	5.859	0.047
3720.000	2.000	-11.719	0.050
3730.000	2.000	-11.719	0.050
3740.000	2.000	-11.719	0.050
3750.000	2.000	-27.344	0.048
3760.000	2.000	-27.344	0.048
3770.000	2.000	-27.344	0.048
3780.000	2.000	0.000	0.039
3790.000	2.000	0.000	0.039
3800.000	2.000	0.000	0.039
3810.000	2.000	0.000	0.054
3820.000	2.000	0.000	0.054
3830.000	2.000	0.000	0.054
3840.000	2.000	-50.781	0.044
3850.000	2.000	-50.781	0.044
3860.000	2.000	-50.781	0.044
3870.000	2.000	-41.016	0.046
3880.000	2.000	-41.016	0.046
3890.000	2.000	-41.016	0.046
3900.000	2.000	9.766	0.043
3910.000	2.000	9.766	0.043
3920.000	2.000	9.766	0.043
3930.000	2.000	23.437	0.046
3940.000	2.000	23.437	0.046
3950.000	2.000	23.437	0.046
3960.000	2.000	0.000	0.047
3970.000	2.000	0.000	0.047
3980.000	2.000	0.000	0.047
3990.000	2.000	-19.531	0.059
4000.000	2.000	-19.531	0.059
4010.000	2.000	-19.531	0.059
4020.000	2.000	3.906	0.042
4030.000	2.000	3.906	0.042
4040.000	2.000	3.906	0.042
4050.000	2.000	7.812	0.057
4060.000	2.000	7.812	0.057
4070.000	2.000	7.812	0.057
4080.000	2.000	3.906	0.063
4090.000	2.000	3.906	0.063
4100.000	2.000	3.906	0.063
4110.000	2.000	19.531	0.039
4120.000	2.000	19.531	0.039
4130.000	2.000	19.531	0.039
4140.000	2.000	-42.969	0.051
4150.000	2.000	-42.969	0.051
4160.000	2.000	-42.969	0.051
4170.000	2.000	5.859	0.063
4180.000	2.000	5.859	0.063
4190.000	2.000	5.859	0.063
4200.000	2.000	11.719	0.048
4210.000	2.000	11.719	0.048
4220.000	2.000	11.719	0.048
4230.000	2.000	1.953	0.044
4240.000	2.000	1.953	0.044
4250.000	2.000	1.953	0.044
4260.000	2.000	-1.953	0.051
4270.000	2.000	-1.953	0.051
4280.000	2.000	-1.953	0.051
4290.000	2.000	-7.812	0.047
4300.000	2.000	-7.812	0.047
4310.000	2.000	-7.812	0.047
4320.000	2.000	-44.922	0.048
4330.000	2.000	-44.922	0.048
4340.000	2.000	-44.922	0.048
4350.000	2.000	-9.766	0.045
4360.000	2.000	-9.766	0.045
4370.000	2.000	-9.766	0.045
4380.000	2.000	-17.578	0.044
4390.000	2.000	-17.578	0.044
4400.000	2.000	-17.578	0.044
4410.000	2.000	-15.625	0.027
4420.000	2.000	-15.625	0.027
4430.000	2.000	-15.625	0.027
4440.000	2.000	-42.969	0.053
4450.000	2.000	-42.969	0.053
4460.000	2.000	-42.969	0.053
4470.000	2.000	7.812	0.048
4480.000	2.000	7.812	0.048
4490.000	2.000	7.812	0.048
4500.000	2.000	-3.906	0.044
4510.000	2.000	-3.906	0.044
4520.000	2.000	-3.906	0.044
4530.000	2.000	-31.250	0.061
4540.000	2.000	-31.250	0.061
4550.000	2.000	-31.250	0.061
4560.000	2.000	-9.766	0.049
4570.000	2.000	-9.766	0.049
4580.000	2.000	-9.766	0.049
4590.000	2.000	-39.062	0.041
4600.000	2.000	-39.062	0.041
4610.000	2.000	-39.062	0.041
4620.000	2.000	-3.906	0.051
4630.000	2.000	-3.906	0.051
4640.000	2.000	-3.906	0.051
4650.000	2.000	-9.766	0.049
4660.000	2.000	-9.766	0.049
4670.000	2.000	-9.766	0.049
4680.000	2.000	0.000	0.045
4690.000	2.000	0.000	0.045
4700.000	2.000	0.000	0.045
4710.000	2.000	-11.719	0.045
4720.000	2.000	-11.719	0.045
4730.000	2.000	-11.719	0.045
4740.000	2.000	-7.812	0.042
4750.000	2.000	-7.812	0.042
4760.000	2.000	-7.812	0.042
4770.000	2.000	-11.719	0.052
4780.000	2.000	-11.719	0.052
4790.000	2.000	-11.719	0.052
4800.000	2.000	0.000	0.048
4810.000	2.000	0.000	0.048
4820.000	2.000	0.000	0.048
4830.000	2.000	5.859	0.032
4840.000	2.000	5.859	0.032
4850.000	2.000	5.859	0.032
4860.000	2.000	-7.812	0.045
4870.000	2.000	-7.812	0.045
4880.000	2.000	-7.812	0.045
4890.000	2.000	-9.766	0.052
4900.000	2.000	-9.766	0.052
4910.000	2.000	-9.766	0.052
4920.000	2.000	0.000	0.044
4930.000	2.000	0.000	0.044
4940.000	2.000	0.000	0.044
4950.000	2.000	-5.859	0.046
4960.000	2.000	-5.859	0.046
4970.000	2.000	-5.859	0.046
4980.000	2.000	-7.812	0.055
4990.000	2.000	-7.812	0.055
5000.000	2.000	-7.812	0.055
5010.000	2.000	-1.953	0.045
5020.000	2.000	-1.953	0.045
5030.000	2.000	-1.953	0.045
5040.000	2.000	3.906	0.041
5050.000	2.000	3.906	0.041
5060.000	2.000	3.906	0.041
5070.000	2.000	-11.719	0.043
5080.000	2.000	-11.719	0.043
5090.000	2.000	-11.719	0.043
5100.000	2.000	-5.859	0.050
5110.000	2.000	-5.859	0.050
5120.000	2.000	-5.859	0.050
5130.000	2.000	-5.859	0.064
5140.000	2.000	-5.859	0.064
5150.000	2.000	-5.859	0.064
5160.000	2.000	-5.859	0.047
5170.000	2.000	-5.859	0.047
5180.000	2.000	-5.859	0.047
5190.000	2.000	7.812	0.044
5200.000	2.000	7.812	0.044
5210.000	2.000	7.812	0.044
5220.000	2.000	-7.812	0.042
5230.000	2.000	-7.812	0.042
5240.000	2.000	-7.812	0.042
5250.000	2.000	-9.766	0.046
5260.000	2.000	-9.766	0.046
5270.000	2.000	-9.766	0.046
5280.000	2.000	-1.953	0.046
5290.000	2.000	-1.953	0.046
5300.000	2.000	-1.953	0.046
5310.000	2.000	-3.906	0.049
5320.000	2.000	-3.906	0.049
5330.000	2.000	-3.906	0.049
5340.000	2.000	1.953	0.047
5350.000	2.000	1.953	0.047
5360.000	2.000	1.953	0.047
5370.000	2.000	-7.812	0.048
5380.000	2.000	-7.812	0.048
5390.000	2.000	-7.812	0.048
5400.000	2.000	-5.859	0.070
5410.000	2.000	-5.859	0.070
5420.000	2.000	-5.859	0.070
5430.000	2.000	-7.812	0.035
5440.000	2.000	-7.812	0.035
5450.000	2.000	-7.812	0.035
5460.000	2.000	-7.812	0.055
5470.000	2.000	-7.812	0.055
5480.000	2.000	-7.812	0.055
5490.000	2.000	0.000	0.047
5500.000	2.000	0.000	0.047
5510.000	2.000	0.000	0.047
5520.000	2.000	21.484	0.031
5530.000	2.000	21.484	0.031
5540.000	2.000	21.484	0.031
5550.000	2.000	-5.859	0.047
5560.000	2.000	-5.859	0.047
5570.000	2.000	-5.859	0.047
5580.000	2.000	-7.812	0.051
5590.000	2.000	-7.812	0.051
5600.000	2.000	-7.812	0.051
5610.000	2.000	5.859	0.046
5620.000	2.000	5.859	0.046
5630.000	2.000	5.859	0.046
5640.000	2.000	-9.766	0.053
5650.000	2.000	-9.766	0.053
5660.000	2.000	-9.766	0.053
5670.000	2.000	3.906	0.047
5680.000	2.000	3.906	0.047
5690.000	2.000	3.906	0.047
5700.000	2.000	3.906	0.047
5710.000	2.000	3.906	0.047
5720.000	2.000	3.906	0.047
5730.000	2.000	19.531	0.058
5740.000	2.000	19.531	0.058
5750.000	2.000	19.531	0.058
5760.000	2.000	1.953	0.047
5770.000	2.000	1.953	0.047
5780.000	2.000	1.953	0.047
5790.000	2.000	-5.859	0.044
5800.000	2.000	-5.859	0.044
5810.000	2.000	-5.859	0.044
5820.000	2.000	-19.531	0.043
5830.000	2.000	-19.531	0.043
5840.000	2.000	-19.531	0.043
5850.000	2.000	7.812	0.047
5860.000	2.000	7.812	0.047
5870.000	2.000	7.812	0.047
5880.000	2.000	-33.203	0.050
5890.000	2.000	-33.203	0.050
5900.000	2.000	-33.203	0.050
5910.000	2.000	15.625	0.044
5920.000	2.000	15.625	0.044
5930.000	2.000	15.625	0.044
5940.000	2.000	1.953	0.043
5950.000	2.000	1.953	0.043
5960.000	2.000	1.953	0.043
5970.000	2.000	0.000	0.043
5980.000	2.000	0.000	0.043
5990.000	2.000	0.000	0.043
6000.000	2.000	3.906	0.045
6010.000	2.000	3.906	0.045
6020.000	2.000	3.906	0.045
6030.000	2.000	0.000	0.044
6040.000	2.000	0.000	0.044
6050.000	2.000	0.000	0.044
6060.000	2.000	5.859	0.044
6070.000	2.000	5.859	0.044
6080.000	2.000	5.859	0.044
6090.000	2.000	1.953	0.043
6100.000	2.000	1.953	0.043
6110.000	2.000	1.953	0.043
6120.000	2.000	-7.812	0.013
6130.000	2.000	-7.812	0.013
6140.000	2.000	-7.812	0.013
6150.000	2.000	-5.859	0.008
6160.000	2.000	-5.859	0.008
6170.000	2.000	-5.859	0.008
6180.000	2.000	27.344	0.002
6190.000	2.000	27.344	0.002
6200.000	2.000	27.344	0.002
6210.000	2.000	0.000	-0.002
6220.000	2.000	0.000	-0.002
6230.000	2.000	0.000	-0.002
6240.000	2.000	-7.812	-0.028
6250.000	2.000	-7.812	-0.028
6260.000	2.000	-7.812	-0.028
6270.000	2.000	-42.969	0.003
6280.000	2.000	-42.969	0.003
6290.000	2.000	-42.969	0.003
6300.000	2.000	-3.906	-0.013
6310.000	2.000	-3.906	-0.013
6320.000	2.000	-3.906	-0.013
6330.000	2.000	-31.250	-0.011
6340.000	2.000	-31.250	-0.011
6350.000	2.000	-31.250	-0.011
6360.000	2.000	5.859	-0.005
6370.000	2.000	5.859	-0.005
6380.000	2.000	5.859	-0.005
6390.000	2.000	-5.859	-0.014
6400.000	2.000	-5.859	-0.014
6410.000	2.000	-5.859	-0.014
6420.000	2.000	-1.953	-0.003
6430.000	2.000	-1.953	-0.003
6440.000	2.000	-1.953	-0.003
6460.000	2.000	0.000	-0.014
6470.000	2.000	0.000	-0.014
6480.000	2.000	0.000	-0.009
6490.000	2.000	0.000	-0.009
6500.000	2.000	0.000	-0.009
6510.000	2.000	-3.906	-0.014
6520.000	2.000	-3.906	-0.014
6530.000	2.000	-3.906	-0.014
6540.000	2.000	7.812	-0.035
6550.000	2.000	7.812	-0.035
6560.000	2.000	7.812	-0.035
6570.000	2.000	-13.672	-0.020
6580.000	2.000	-13.672	-0.020
6590.000	2.000	-13.672	-0.020
6600.000	2.000	-11.719	-0.018
6610.000	2.000	-11.719	-0.018
6620.000	2.000	-11.719	-0.018
6630.000	2.000	-33.203	-0.012
6640.000	2.000	-33.203	-0.012
6650.000	2.000	-33.203	-0.012
6660.000	2.000	17.578	-0.010
6670.000	2.000	17.578	-0.010
6680.000	2.000	17.578	-0.010
6690.000	2.000	-5.859	-0.016
6700.000	2.000	-5.859	-0.016
6710.000	2.000	-5.859	-0.016
6720.000	2.000	-29.297	-0.007
6730.000	2.000	-29.297	-0.007
6740.000	2.000	-29.297	-0.007
6750.000	2.000	25.391	-0.018
6760.000	2.000	25.391	-0.018
6770.000	2.000	25.391	-0.018
6780.000	2.000	-1.953	-0.039
6790.000	2.000	-1.953	-0.039
6800.000	2.000	-1.953	-0.039
6810.000	2.000	-3.906	-0.017
6820.000	2.000	-3.906	-0.017
6830.000	2.000	-3.906	-0.017
6840.000	2.000	-3.906	-0.018
6850.000	2.000	-3.906	-0.018
6860.000	2.000	-3.906	-0.018
6870.000	2.000	11.719	-0.032
6880.000	2.000	11.719	-0.032
6890.000	2.000	11.719	-0.032
6900.000	2.000	19.531	-0.004
6910.000	2.000	19.531	-0.004
6920.000	2.000	19.531	-0.004
6930.000	2.000	-25.391	-0.015
6940.000	2.000	-25.391	-0.015
6950.000	2.000	-25.391	-0.015
6960.000	2.000	-19.531	-0.008
6970.000	2.000	-19.531	-0.008
6980.000	2.000	-19.531	-0.008
6990.000	2.000	23.437	-0.005
7000.000	2.000	23.437	-0.005
7010.000	2.000	23.437	-0.005
20.000	5.000	-3.906	-0.010
30.000	5.000	-3.906	-0.010
40.000	5.000	9.766	-0.035
50.000	5.000	9.766	-0.035
60.000	5.000	9.766	-0.035
70.000	5.000	-9.766	-0.030
80.000	5.000	-9.766	-0.030
90.000	5.000	-9.766	-0.030
100.000	5.000	-9.766	-0.016
110.000	5.000	-9.766	-0.016
120.000	5.000	-9.766	-0.016
130.000	5.000	-1.953	-0.012
140.000	5.000	-1.953	-0.012
150.000	5.000	-1.953	-0.012
160.000	5.000	-33.203	-0.012
170.000	5.000	-33.203	-0.012
180.000	5.000	-33.203	-0.012
190.000	5.000	-37.109	-0.016
200.000	5.000	-37.109	-0.016
210.000	5.000	-37.109	-0.016
220.000	5.000	3.906	-0.011
230.000	5.000	3.906	-0.011
240.000	5.000	3.906	-0.011
250.000	5.000	-7.812	-0.013
260.000	5.000	-7.812	-0.013
270.000	5.000	-7.812	-0.013
280.000	5.000	-15.625	-0.007
290.000	5.000	-15.625	-0.007
300.000	5.000	-15.625	-0.007
310.000	5.000	17.578	-0.034
320.000	5.000	17.578	-0.034
330.000	5.000	17.578	-0.034
340.000	5.000	-21.484	-0.011
350.000	5.000	-21.484	-0.011
360.000	5.000	-21.484	-0.011
370.000	5.000	-5.859	-0.012
380.000	5.000	-5.859	-0.012
390.000	5.000	-5.859	-0.012
400.000	5.000	-1.953	-0.017
410.000	5.000	-1.953	-0.017
420.000	5.000	-1.953	-0.017
430.000	5.000	-3.906	-0.017
440.000	5.000	-3.906	-0.017
450.000	5.000	-3.906	-0.017
460.000	5.000	-3.906	-0.014
470.000	5.000	-3.906	-0.014
480.000	5.000	-3.906	-0.014
490.000	5.000	-1.953	-0.007
500.000	5.000	-1.953	-0.007
510.000	5.000	-1.953	-0.007
520.000	5.000	7.812	-0.008
530.000	5.000	7.812	-0.008
540.000	5.000	7.812	-0.008
550.000	5.000	-9.766	-0.021
560.000	5.000	-9.766	-0.021
570.000	5.000	-9.766	-0.021
580.000	5.000	-1.953	-0.013
590.000	5.000	-1.953	-0.013
600.000	5.000	-1.953	-0.013
610.000	5.000	-13.672	-0.013
620.000	5.000	-13.672	-0.013
630.000	5.000	-13.672	-0.013
640.000	5.000	1.953	-0.015
650.000	5.000	1.953	-0.015
660.000	5.000	1.953	-0.015
670.000	5.000	-11.719	-0.021
680.000	5.000	-11.719	-0.021
690.000	5.000	-11.719	-0.021
700.000	5.000	-39.062	-0.006
710.000	5.000	-39.062	-0.006
720.000	5.000	-39.062	-0.006
730.000	5.000	1.953	-0.002
740.000	5.000	1.953	-0.002
750.000	5.000	1.953	-0.002
760.000	5.000	-9.766	-0.014
770.000	5.000	-9.766	-0.014
780.000	5.000	-9.766	-0.014
790.000	5.000	9.766	-0.014
800.000	5.000	9.766	-0.014
810.000	5.000	9.766	-0.014
820.000	5.000	3.906	-0.011
830.000	5.000	3.906	-0.011
840.000	5.000	3.906	-0.011
850.000	5.000	-17.578	-0.012
860.000	5.000	-17.578	-0.012
870.000	5.000	-17.578	-0.012
880.000	5.000	0.000	-0.014
890.000	5.000	0.000	-0.014
900.000	5.000	0.000	-0.014
910.000	5.000	-15.625	-0.016
920.000	5.000	-15.625	-0.016
930.000	5.000	-15.625	-0.016
940.000	5.000	1.953	-0.018
950.000	5.000	1.953	-0.018
960.000	5.000	1.953	-0.018
970.000	5.000	-13.672	-0.015
980.000	5.000	-13.672	-0.015
990.000	5.000	-13.672	-0.015
1000.000	5.000	-1.953	-0.013
1010.000	5.000	-1.953	-0.013
1020.000	5.000	-1.953	-0.013
1030.000	5.000	-11.719	-0.010
1040.000	5.000	-11.719	-0.010
1050.000	5.000	-11.719	-0.010
1060.000	5.000	-1.953	-0.016
1070.000	5.000	-1.953	-0.016
1080.000	5.000	-1.953	-0.016
1090.000	5.000	-3.906	0.055
1100.000	5.000	-3.906	0.055
1110.000	5.000	-3.906	0.055
1120.000	5.000	0.000	0.112
1130.000	5.000	0.000	0.112
1140.000	5.000	0.000	0.112
1150.000	5.000	7.812	0.109
1160.000	5.000	7.812	0.109
1170.000	5.000	7.812	0.109
1180.000	5.000	11.719	0.144
1190.000	5.000	11.719	0.144
1200.000	5.000	11.719	0.144
1210.000	5.000	-39.062	0.141
1220.000	5.000	-39.062	0.141
1230.000	5.000	-39.062	0.141
1240.000	5.000	19.531	0.149
1250.000	5.000	19.531	0.149
1260.000	5.000	19.531	0.149
1270.000	5.000	25.391	0.153
1280.000	5.000	25.391	0.153
1290.000	5.000	25.391	0.153
1300.000	5.000	31.250	0.165
1310.000	5.000	31.250	0.165
1320.000	5.000	31.250	0.165
1330.000	5.000	25.391	0.141
1340.000	5.000	25.391	0.141
1350.000	5.000	25.391	0.141
1360.000	5.000	52.734	0.151
1370.000	5.000	52.734	0.151
1380.000	5.000	52.734	0.151
1390.000	5.000	31.250	0.140
1400.000	5.000	31.250	0.140
1410.000	5.000	31.250	0.140
1420.000	5.000	93.750	0.146
1430.000	5.000	93.750	0.146
1440.000	5.000	93.750	0.146
1450.000	5.000	83.984	0.144
1460.000	5.000	83.984	0.144
1470.000	5.000	83.984	0.144
1480.000	5.000	95.703	0.161
1490.000	5.000	95.703	0.161
1500.000	5.000	95.703	0.161
1510.000	5.000	99.609	0.154
1520.000	5.000	99.609	0.154
1530.000	5.000	99.609	0.154
1540.000	5.000	109.375	0.147
1550.000	5.000	109.375	0.147
1560.000	5.000	109.375	0.147
1570.000	5.000	123.047	0.152
1580.000	5.000	123.047	0.152
1590.000	5.000	123.047	0.152
1600.000	5.000	121.094	0.146
1610.000	5.000	121.094	0.146
1620.000	5.000	121.094	0.146
1630.000	5.000	132.812	0.142
1640.000	5.000	132.812	0.142
1650.000	5.000	132.812	0.142
1660.000	5.000	119.141	0.147
1670.000	5.000	119.141	0.147
1680.000	5.000	119.141	0.147
1690.000	5.000	142.578	0.144
1700.000	5.000	142.578	0.144
1710.000	5.000	142.578	0.144
1720.000	5.000	148.437	0.150
1730.000	5.000	148.437	0.150
1740.000	5.000	148.437	0.150
1750.000	5.000	173.828	0.154
1760.000	5.000	173.828	0.154
1770.000	5.000	173.828	0.154
1780.000	5.000	173.828	0.157
1790.000	5.000	173.828	0.157
1800.000	5.000	173.828	0.157
1810.000	5.000	167.969	0.147
1820.000	5.000	167.969	0.147
1830.000	5.000	167.969	0.147
1840.000	5.000	177.734	0.140
1850.000	5.000	177.734	0.140
1860.000	5.000	177.734	0.140
1870.000	5.000	189.453	0.146
1880.000	5.000	189.453	0.146
1890.000	5.000	189.453	0.146
1900.000	5.000	183.594	0.151
1910.000	5.000	183.594	0.151
1920.000	5.000	183.594	0.151
1930.000	5.000	210.937	0.145
1940.000	5.000	210.937	0.145
1950.000	5.000	210.937	0.145
1960.000	5.000	201.172	0.145
1970.000	5.000	201.172	0.145
1980.000	5.000	201.172	0.145
1990.000	5.000	226.562	0.146
2000.000	5.000	226.562	0.146
2010.000	5.000	226.562	0.146
2020.000	5.000	224.609	0.147
2030.000	5.000	224.609	0.147
2040.000	5.000	224.609	0.147
2050.000	5.000	210.937	0.156
2060.000	5.000	210.937	0.156
2070.000	5.000	210.937	0.156
2080.000	5.000	242.187	0.157
2090.000	5.000	242.187	0.157
2100.000	5.000	242.187	0.157
2110.000	5.000	212.891	0.165
2120.000	5.000	212.891	0.165
2130.000	5.000	212.891	0.165
2140.000	5.000	244.141	0.135
2150.000	5.000	244.141	0.135
2160.000	5.000	244.141	0.135
2170.000	5.000	265.625	0.128
2180.000	5.000	265.625	0.128
2190.000	5.000	265.625	0.128
2200.000	5.000	253.906	0.140
2210.000	5.000	253.906	0.140
2220.000	5.000	253.906	0.140
2230.000	5.000	269.531	0.143
2240.000	5.000	269.531	0.143
2250.000	5.000	269.531	0.143
2260.000	5.000	275.391	0.145
2270.000	5.000	275.391	0.145
2280.000	5.000	275.391	0.145
2290.000	5.000	287.109	0.132
2300.000	5.000	287.109	0.132
2310.000	5.000	287.109	0.132
2320.000	5.000	275.391	0.151
2330.000	5.000	275.391	0.151
2340.000	5.000	275.391	0.151
2350.000	5.000	285.156	0.133
2360.000	5.000	285.156	0.133
2370.000	5.000	285.156	0.133
2380.000	5.000	271.484	0.152
2390.000	5.000	271.484	0.152
2400.000	5.000	271.484	0.152
2410.000	5.000	326.172	0.146
2420.000	5.000	326.172	0.146
2430.000	5.000	326.172	0.146
2440.000	5.000	341.797	0.144
2450.000	5.000	341.797	0.144
2460.000	5.000	341.797	0.144
2470.000	5.000	326.172	0.125
2480.000	5.000	326.172	0.125
2490.000	5.000	326.172	0.125
2500.000	5.000	324.219	0.147
2510.000	5.000	324.219	0.147
2520.000	5.000	324.219	0.147
2530.000	5.000	332.031	0.147
2540.000	5.000	332.031	0.147
2550.000	5.000	332.031	0.147
2560.000	5.000	322.266	0.154
2570.000	5.000	322.266	0.154
2580.000	5.000	322.266	0.154
2590.000	5.000	357.422	0.142
2600.000	5.000	357.422	0.142
2610.000	5.000	357.422	0.142
2620.000	5.000	365.234	0.162
2630.000	5.000	365.234	0.162
2640.000	5.000	365.234	0.162
2650.000	5.000	339.844	0.173
2660.000	5.000	339.844	0.173
2670.000	5.000	339.844	0.173
2680.000	5.000	376.953	0.148
2690.000	5.000	376.953	0.148
2700.000	5.000	376.953	0.148
2710.000	5.000	369.141	0.148
2720.000	5.000	369.141	0.148
2730.000	5.000	369.141	0.148
2740.000	5.000	375.000	0.148
2750.000	5.000	375.000	0.148
2760.000	5.000	375.000	0.148
2770.000	5.000	380.859	0.150
2780.000	5.000	380.859	0.150
2790.000	5.000	380.859	0.150
2800.000	5.000	378.906	0.141
2810.000	5.000	378.906	0.141
2820.000	5.000	378.906	0.141
2830.000	5.000	392.578	0.146
2840.000	5.000	392.578	0.146
2850.000	5.000	392.578	0.146
2860.000	5.000	398.437	0.146
2870.000	5.000	398.437	0.146
2880.000	5.000	398.437	0.146
2890.000	5.000	412.109	0.146
2900.000	5.000	412.109	0.146
2910.000	5.000	412.109	0.146
2920.000	5.000	417.969	0.158
2930.000	5.000	417.969	0.158
2940.000	5.000	417.969	0.158
2950.000	5.000	416.016	0.153
2960.000	5.000	416.016	0.153
2970.000	5.000	416.016	0.153
2980.000	5.000	419.922	0.159
2990.000	5.000	419.922	0.159
3000.000	5.000	419.922	0.159
3010.000	5.000	410.156	0.152
3020.000	5.000	410.156	0.152
3030.000	5.000	410.156	0.152
3040.000	5.000	451.172	0.149
3050.000	5.000	451.172	0.149
3060.000	5.000	451.172	0.149
3070.000	5.000	416.016	0.144
3080.000	5.000	416.016	0.144
3090.000	5.000	416.016	0.144
3100.000	5.000	441.406	0.146
3110.000	5.000	441.406	0.146
3120.000	5.000	441.406	0.146
3130.000	5.000	462.891	0.143
3140.000	5.000	462.891	0.143
3150.000	5.000	462.891	0.143
3160.000	5.000	451.172	0.151
3170.000	5.000	451.172	0.151
3180.000	5.000	451.172	0.151
3190.000	5.000	472.656	0.141
3200.000	5.000	472.656	0.141
3210.000	5.000	472.656	0.141
3220.000	5.000	474.609	0.143
3230.000	5.000	474.609	0.143
3240.000	5.000	474.609	0.143
3250.000	5.000	492.187	0.122
3260.000	5.000	492.187	0.122
3270.000	5.000	492.187	0.122
3280.000	5.000	494.141	0.152
3290.000	5.000	494.141	0.152
3300.000	5.000	494.141	0.152
3310.000	5.000	494.141	0.140
3320.000	5.000	494.141	0.140
3330.000	5.000	494.141	0.140
3340.000	5.000	494.141	0.146
3350.000	5.000	494.141	0.146
3360.000	5.000	494.141	0.146
3370.000	5.000	511.719	0.159
3380.000	5.000	511.719	0.159
3390.000	5.000	511.719	0.159
3400.000	5.000	509.766	0.143
3410.000	5.000	509.766	0.143
3420.000	5.000	509.766	0.143
3430.000	5.000	501.953	0.147
3440.000	5.000	501.953	0.147
3450.000	5.000	501.953	0.147
3460.000	5.000	529.297	0.152
3470.000	5.000	529.297	0.152
3480.000	5.000	529.297	0.152
3490.000	5.000	531.250	0.150
3500.000	5.000	531.250	0.150
3510.000	5.000	531.250	0.150
3520.000	5.000	542.969	0.143
3530.000	5.000	542.969	0.143
3540.000	5.000	542.969	0.143
3550.000	5.000	560.547	0.155
3560.000	5.000	560.547	0.155
3570.000	5.000	560.547	0.155
3580.000	5.000	550.781	0.146
3590.000	5.000	550.781	0.146
3600.000	5.000	550.781	0.146
3610.000	5.000	541.016	0.146
3620.000	5.000	541.016	0.146
3630.000	5.000	541.016	0.146
3640.000	5.000	548.828	0.149
3650.000	5.000	548.828	0.149
3660.000	5.000	548.828	0.149
3670.000	5.000	568.359	0.147
3680.000	5.000	568.359	0.147
3690.000	5.000	568.359	0.147
3700.000	5.000	576.172	0.147
3710.000	5.000	576.172	0.147
3720.000	5.000	576.172	0.147
3730.000	5.000	562.500	0.146
3740.000	5.000	562.500	0.146
3750.000	5.000	562.500	0.146
3760.000	5.000	546.875	0.151
3770.000	5.000	546.875	0.151
3780.000	5.000	546.875	0.151
3790.000	5.000	591.797	0.135
3800.000	5.000	591.797	0.135
3810.000	5.000	591.797	0.135
3820.000	5.000	578.125	0.151
3830.000	5.000	578.125	0.151
3840.000	5.000	578.125	0.151
3850.000	5.000	595.703	0.145
3860.000	5.000	595.703	0.145
3870.000	5.000	595.703	0.145
3880.000	5.000	607.422	0.146
3890.000	5.000	607.422	0.146
3900.000	5.000	607.422	0.146
3910.000	5.000	593.750	0.131
3920.000	5.000	593.750	0.131
3930.000	5.000	593.750	0.131
3940.000	5.000	611.328	0.146
3950.000	5.000	611.328	0.146
3960.000	5.000	611.328	0.146
3970.000	5.000	615.234	0.142
3980.000	5.000	615.234	0.142
3990.000	5.000	615.234	0.142
4000.000	5.000	662.109	0.146
4010.000	5.000	662.109	0.146
4020.000	5.000	662.109	0.146
4030.000	5.000	634.766	0.125
4040.000	5.000	634.766	0.125
4050.000	5.000	634.766	0.125
4060.000	5.000	619.141	0.152
4070.000	5.000	619.141	0.152
4080.000	5.000	619.141	0.152
4090.000	5.000	646.484	0.160
4100.000	5.000	646.484	0.160
4110.000	5.000	646.484	0.160
4120.000	5.000	644.531	0.146
4130.000	5.000	644.531	0.146
4140.000	5.000	644.531	0.146
4150.000	5.000	667.969	0.150
4160.000	5.000	667.969	0.150
4170.000	5.000	667.969	0.150
4180.000	5.000	658.203	0.152
4190.000	5.000	658.203	0.152
4200.000	5.000	658.203	0.152
4210.000	5.000	662.109	0.143
4220.000	5.000	662.109	0.143
4230.000	5.000	662.109	0.143
4240.000	5.000	666.016	0.143
4250.000	5.000	666.016	0.143
4260.000	5.000	666.016	0.143
4270.000	5.000	666.016	0.138
4280.000	5.000	666.016	0.138
4290.000	5.000	666.016	0.138
4300.000	5.000	679.687	0.162
4310.000	5.000	679.687	0.162
4320.000	5.000	679.687	0.162
4330.000	5.000	693.359	0.144
4340.000	5.000	693.359	0.144
4350.000	5.000	693.359	0.144
4360.000	5.000	693.359	0.148
4370.000	5.000	693.359	0.148
4380.000	5.000	693.359	0.148
4390.000	5.000	695.312	0.145
4400.000	5.000	695.312	0.145
4410.000	5.000	695.312	0.145
4420.000	5.000	697.266	0.139
4430.000	5.000	697.266	0.139
4440.000	5.000	697.266	0.139
4450.000	5.000	722.656	0.151
4460.000	5.000	722.656	0.151
4470.000	5.000	722.656	0.151
4480.000	5.000	755.859	0.121
4490.000	5.000	755.859	0.121
4500.000	5.000	755.859	0.121
4510.000	5.000	750.000	0.125
4520.000	5.000	750.000	0.125
4530.000	5.000	750.000	0.125
4540.000	5.000	722.656	0.145
4550.000	5.000	722.656	0.145
4560.000	5.000	722.656	0.145
4570.000	5.000	724.609	0.119
4580.000	5.000	724.609	0.119
4590.000	5.000	724.609	0.119
4600.000	5.000	720.703	0.146
4610.000	5.000	720.703	0.146
4620.000	5.000	720.703	0.146
4630.000	5.000	740.234	0.157
4640.000	5.000	740.234	0.157
4650.000	5.000	740.234	0.157
4660.000	5.000	775.391	0.144
4670.000	5.000	775.391	0.144
4680.000	5.000	775.391	0.144
4690.000	5.000	781.250	0.143
4700.000	5.000	781.250	0.143
4710.000	5.000	781.250	0.143
4720.000	5.000	765.625	0.146
4730.000	5.000	765.625	0.146
4740.000	5.000	765.625	0.146
4750.000	5.000	757.812	0.133
4760.000	5.000	757.812	0.133
4770.000	5.000	757.812	0.133
4780.000	5.000	763.672	0.149
4790.000	5.000	763.672	0.149
4800.000	5.000	763.672	0.149
4810.000	5.000	775.391	0.125
4820.000	5.000	775.391	0.125
4830.000	5.000	775.391	0.125
4840.000	5.000	763.672	0.145
4850.000	5.000	763.672	0.145
4860.000	5.000	763.672	0.145
4870.000	5.000	781.250	0.142
4880.000	5.000	781.250	0.142
4890.000	5.000	781.250	0.142
4900.000	5.000	785.156	0.159
4910.000	5.000	785.156	0.159
4920.000	5.000	785.156	0.159
4930.000	5.000	802.734	0.142
4940.000	5.000	802.734	0.142
4950.000	5.000	802.734	0.142
4960.000	5.000	791.016	0.162
4970.000	5.000	791.016	0.162
4980.000	5.000	791.016	0.162
4990.000	5.000	785.156	0.145
5000.000	5.000	785.156	0.145
5010.000	5.000	785.156	0.145
5020.000	5.000	802.734	0.135
5030.000	5.000	802.734	0.135
5040.000	5.000	802.734	0.135
5050.000	5.000	792.969	0.156
5060.000	5.000	792.969	0.156
5070.000	5.000	792.969	0.156
5080.000	5.000	812.500	0.147
5090.000	5.000	812.500	0.147
5100.000	5.000	812.500	0.147
5110.000	5.000	830.078	0.146
5120.000	5.000	830.078	0.146
5130.000	5.000	830.078	0.146
5140.000	5.000	816.406	0.150
5150.000	5.000	816.406	0.150
5160.000	5.000	816.406	0.150
5170.000	5.000	853.516	0.151
5180.000	5.000	853.516	0.151
5190.000	5.000	853.516	0.151
5200.000	5.000	832.031	0.150
5210.000	5.000	832.031	0.150
5220.000	5.000	832.031	0.150
5230.000	5.000	847.656	0.143
5240.000	5.000	847.656	0.143
5250.000	5.000	847.656	0.143
5260.000	5.000	849.609	0.159
5270.000	5.000	849.609	0.159
5280.000	5.000	849.609	0.159
5290.000	5.000	863.281	0.149
5300.000	5.000	863.281	0.149
5310.000	5.000	863.281	0.149
5320.000	5.000	878.906	0.122
5330.000	5.000	878.906	0.122
5340.000	5.000	878.906	0.122
5350.000	5.000	857.422	0.146
5360.000	5.000	857.422	0.146
5370.000	5.000	857.422	0.146
5380.000	5.000	853.516	0.142
5390.000	5.000	853.516	0.142
5400.000	5.000	853.516	0.142
5410.000	5.000	845.703	0.144
5420.000	5.000	845.703	0.144
5430.000	5.000	845.703	0.144
5440.000	5.000	876.953	0.118
5450.000	5.000	876.953	0.118
5460.000	5.000	876.953	0.118
5470.000	5.000	886.719	0.141
5480.000	5.000	886.719	0.141
5490.000	5.000	886.719	0.141
5500.000	5.000	880.859	0.150
5510.000	5.000	880.859	0.150
5520.000	5.000	880.859	0.150
5530.000	5.000	898.437	0.149
5540.000	5.000	898.437	0.149
5550.000	5.000	898.437	0.149
5560.000	5.000	896.484	0.143
5570.000	5.000	896.484	0.143
5580.000	5.000	896.484	0.143
5590.000	5.000	890.625	0.146
5600.000	5.000	890.625	0.146
5610.000	5.000	890.625	0.146
5620.000	5.000	875.000	0.146
5630.000	5.000	875.000	0.146
5640.000	5.000	875.000	0.146
5650.000	5.000	917.969	0.153
5660.000	5.000	917.969	0.153
5670.000	5.000	917.969	0.153
5680.000	5.000	900.391	0.145
5690.000	5.000	900.391	0.145
5700.000	5.000	900.391	0.145
5710.000	5.000	923.828	0.138
5720.000	5.000	923.828	0.138
5730.000	5.000	923.828	0.138
5740.000	5.000	917.969	0.131
5750.000	5.000	917.969	0.131
5760.000	5.000	917.969	0.131
5770.000	5.000	914.062	0.146
5780.000	5.000	914.062	0.146
5790.000	5.000	914.062	0.146
5800.000	5.000	921.875	0.150
5810.000	5.000	921.875	0.150
5820.000	5.000	921.875	0.150
5830.000	5.000	945.312	0.163
5840.000	5.000	945.312	0.163
5850.000	5.000	945.312	0.163
5860.000	5.000	939.453	0.144
5870.000	5.000	939.453	0.144
5880.000	5.000	939.453	0.144
5890.000	5.000	955.078	0.149
5900.000	5.000	955.078	0.149
5910.000	5.000	955.078	0.149
5920.000	5.000	941.406	0.141
5930.000	5.000	941.406	0.141
5940.000	5.000	941.406	0.141
5950.000	5.000	949.219	0.147
5960.000	5.000	949.219	0.147
5970.000	5.000	949.219	0.147
5980.000	5.000	953.125	0.146
5990.000	5.000	953.125	0.146
6000.000	5.000	953.125	0.146
6010.000	5.000	953.125	0.142
6020.000	5.000	953.125	0.142
6030.000	5.000	953.125	0.142
6040.000	5.000	964.844	0.145
6050.000	5.000	964.844	0.145
6060.000	5.000	964.844	0.145
6070.000	5.000	970.703	0.144
6080.000	5.000	970.703	0.144
6090.000	5.000	970.703	0.144
6100.000	5.000	988.281	0.078
6110.000	5.000	988.281	0.078
6120.000	5.000	988.281	0.078
6130.000	5.000	962.891	0.020
6140.000	5.000	962.891	0.020
6150.000	5.000	962.891	0.020
6160.000	5.000	957.031	-0.002
6170.000	5.000	957.031	-0.002
6180.000	5.000	957.031	-0.002
6190.000	5.000	955.078	-0.019
6200.000	5.000	955.078	-0.019
6210.000	5.000	955.078	-0.019
6220.000	5.000	953.125	-0.009
6230.000	5.000	953.125	-0.009
6240.000	5.000	953.125	-0.009
6250.000	5.000	931.641	-0.034
6260.000	5.000	931.641	-0.034
6270.000	5.000	931.641	-0.034
6280.000	5.000	957.031	-0.006
6290.000	5.000	957.031	-0.006
6300.000	5.000	957.031	-0.006
6310.000	5.000	908.203	-0.023
6320.000	5.000	908.203	-0.023
6330.000	5.000	908.203	-0.023
6340.000	5.000	900.391	-0.020
6350.000	5.000	900.391	-0.020
6360.000	5.000	900.391	-0.020
6370.000	5.000	919.922	-0.016
6380.000	5.000	919.922	-0.016
6390.000	5.000	919.922	-0.016
6400.000	5.000	892.578	-0.003
6410.000	5.000	892.578	-0.003
6420.000	5.000	892.578	-0.003
6430.000	5.000	882.812	-0.008
6440.000	5.000	882.812	-0.008
6450.000	5.000	882.812	-0.008
6460.000	5.000	857.422	0.008
6470.000	5.000	857.422	0.008
6480.000	5.000	857.422	0.008
6490.000	5.000	849.609	-0.010
6500.000	5.000	849.609	-0.010
6510.000	5.000	849.609	-0.010
6520.000	5.000	830.078	-0.014
6530.000	5.000	830.078	-0.014
6540.000	5.000	830.078	-0.014
6550.000	5.000	835.937	-0.007
6560.000	5.000	835.937	-0.007
6570.000	5.000	835.937	-0.007
6580.000	5.000	820.312	-0.021
6590.000	5.000	820.312	-0.021
6600.000	5.000	820.312	-0.021
6610.000	5.000	822.266	-0.034
6620.000	5.000	822.266	-0.034
6630.000	5.000	822.266	-0.034
6640.000	5.000	814.453	0.004
6650.000	5.000	814.453	0.004
6660.000	5.000	814.453	0.004
6670.000	5.000	818.359	-0.013
6680.000	5.000	818.359	-0.013
6690.000	5.000	818.359	-0.013
6700.000	5.000	814.453	-0.012
6710.000	5.000	814.453	-0.012
6720.000	5.000	814.453	-0.012
6730.000	5.000	781.250	-0.014
6740.000	5.000	781.250	-0.014
6750.000	5.000	781.250	-0.014
6760.000	5.000	769.531	-0.012
6770.000	5.000	769.531	-0.012
6780.000	5.000	769.531	-0.012
6790.000	5.000	769.531	-0.012
6800.000	5.000	769.531	-0.012
6810.000	5.000	769.531	-0.012
6820.000	5.000	751.953	-0.019
6830.000	5.000	751.953	-0.019
6840.000	5.000	751.953	-0.019
6850.000	5.000	755.859	0.000
6860.000	5.000	755.859	0.000
6870.000	5.000	755.859	0.000
6880.000	5.000	736.328	-0.019
6890.000	5.000	736.328	-0.019
6900.000	5.000	736.328	-0.019
6910.000	5.000	726.562	-0.006
6920.000	5.000	726.562	-0.006
6930.000	5.000	726.562	-0.006
6940.000	5.000	724.609	-0.014
6950.000	5.000	724.609	-0.014
6960.000	5.000	724.609	-0.014
6970.000	5.000	742.187	-0.036
6980.000	5.000	742.187	-0.036
6990.000	5.000	742.187	-0.036
7000.000	5.000	695.312	0.006
7010.000	5.000	695.312	0.006
7020.000	5.000	695.312	0.006
