%Time [ms]	Commanded Torque [mNm]	Angular Velocity [RPM]	Actual Current [Amp]	%10/7/20259:44 AM
0.000	0.000	0.000	0.000
20.000	6.000	-9.766	-0.015
30.000	6.000	-9.766	-0.015
40.000	6.000	-9.766	-0.015
50.000	6.000	-3.906	-0.008
60.000	6.000	-3.906	-0.008
70.000	6.000	-3.906	-0.008
80.000	6.000	-11.719	-0.017
90.000	6.000	-11.719	-0.017
100.000	6.000	-11.719	-0.017
110.000	6.000	-11.719	-0.010
120.000	6.000	-11.719	-0.010
130.000	6.000	-11.719	-0.010
140.000	6.000	5.859	-0.015
150.000	6.000	5.859	-0.015
160.000	6.000	5.859	-0.015
170.000	6.000	-7.812	-0.012
180.000	6.000	-7.812	-0.012
190.000	6.000	-7.812	-0.012
200.000	6.000	-9.766	-0.036
210.000	6.000	-9.766	-0.036
220.000	6.000	-9.766	-0.036
230.000	6.000	5.859	-0.045
240.000	6.000	5.859	-0.045
250.000	6.000	5.859	-0.045
260.000	6.000	5.859	-0.016
270.000	6.000	5.859	-0.016
280.000	6.000	5.859	-0.016
290.000	6.000	-7.812	-0.013
300.000	6.000	-7.812	-0.013
310.000	6.000	-7.812	-0.013
320.000	6.000	-11.719	-0.020
330.000	6.000	-11.719	-0.020
340.000	6.000	-11.719	-0.020
350.000	6.000	0.000	-0.016
360.000	6.000	0.000	-0.016
370.000	6.000	0.000	-0.016
380.000	6.000	-25.391	-0.009
390.000	6.000	-25.391	-0.009
400.000	6.000	-25.391	-0.009
410.000	6.000	-7.812	0.002
420.000	6.000	-7.812	0.002
430.000	6.000	-7.812	0.002
440.000	6.000	-23.437	-0.007
450.000	6.000	-23.437	-0.007
460.000	6.000	-23.437	-0.007
470.000	6.000	5.859	-0.037
480.000	6.000	5.859	-0.037
490.000	6.000	5.859	-0.037
500.000	6.000	-1.953	0.000
510.000	6.000	-1.953	0.000
520.000	6.000	-1.953	0.000
530.000	6.000	3.906	-0.019
540.000	6.000	3.906	-0.019
550.000	6.000	3.906	-0.019
560.000	6.000	-1.953	-0.016
570.000	6.000	-1.953	-0.016
580.000	6.000	-1.953	-0.016
590.000	6.000	0.000	-0.011
600.000	6.000	0.000	-0.011
610.000	6.000	0.000	-0.011
620.000	6.000	-39.062	-0.016
630.000	6.000	-39.062	-0.016
640.000	6.000	-39.062	-0.016
650.000	6.000	-1.953	-0.008
660.000	6.000	-1.953	-0.008
670.000	6.000	-1.953	-0.008
680.000	6.000	3.906	-0.004
690.000	6.000	3.906	-0.004
700.000	6.000	3.906	-0.004
710.000	6.000	-9.766	-0.004
720.000	6.000	-9.766	-0.004
730.000	6.000	-9.766	-0.004
740.000	6.000	1.953	-0.012
750.000	6.000	1.953	-0.012
760.000	6.000	1.953	-0.012
770.000	6.000	-15.625	-0.033
780.000	6.000	-15.625	-0.033
790.000	6.000	-15.625	-0.033
800.000	6.000	-15.625	-0.041
810.000	6.000	-15.625	-0.041
820.000	6.000	-15.625	-0.041
830.000	6.000	5.859	-0.009
840.000	6.000	5.859	-0.009
850.000	6.000	5.859	-0.009
860.000	6.000	-35.156	-0.011
870.000	6.000	-35.156	-0.011
880.000	6.000	-35.156	-0.011
890.000	6.000	-27.344	-0.014
900.000	6.000	-27.344	-0.014
910.000	6.000	-27.344	-0.014
920.000	6.000	-13.672	-0.012
930.000	6.000	-13.672	-0.012
940.000	6.000	-13.672	-0.012
950.000	6.000	-5.859	-0.027
960.000	6.000	-5.859	-0.027
970.000	6.000	-5.859	-0.027
980.000	6.000	-1.953	-0.009
990.000	6.000	-1.953	-0.009
1000.000	6.000	-1.953	-0.009
1010.000	6.000	1.953	-0.007
1020.000	6.000	1.953	-0.007
1030.000	6.000	1.953	-0.007
1040.000	6.000	0.000	-0.011
1050.000	6.000	0.000	-0.011
1060.000	6.000	0.000	-0.011
1070.000	6.000	0.000	-0.012
1080.000	6.000	0.000	-0.012
1090.000	6.000	0.000	-0.012
1100.000	6.000	-3.906	0.073
1110.000	6.000	-3.906	0.073
1120.000	6.000	-3.906	0.073
1130.000	6.000	7.812	0.129
1140.000	6.000	7.812	0.129
1150.000	6.000	7.812	0.129
1160.000	6.000	-9.766	0.129
1170.000	6.000	-9.766	0.129
1180.000	6.000	-9.766	0.129
1190.000	6.000	-1.953	0.172
1200.000	6.000	-1.953	0.172
1210.000	6.000	-1.953	0.172
1220.000	6.000	25.391	0.156
1230.000	6.000	25.391	0.156
1240.000	6.000	25.391	0.156
1250.000	6.000	25.391	0.162
1260.000	6.000	25.391	0.162
1270.000	6.000	25.391	0.162
1280.000	6.000	44.922	0.169
1290.000	6.000	44.922	0.169
1300.000	6.000	44.922	0.169
1310.000	6.000	58.594	0.156
1320.000	6.000	58.594	0.156
1330.000	6.000	58.594	0.156
1340.000	6.000	72.266	0.159
1350.000	6.000	72.266	0.159
1360.000	6.000	72.266	0.159
1370.000	6.000	72.266	0.164
1380.000	6.000	72.266	0.164
1390.000	6.000	72.266	0.164
1400.000	6.000	83.984	0.167
1410.000	6.000	83.984	0.167
1420.000	6.000	83.984	0.167
1430.000	6.000	93.750	0.162
1440.000	6.000	93.750	0.162
1450.000	6.000	93.750	0.162
1460.000	6.000	99.609	0.164
1470.000	6.000	99.609	0.164
1480.000	6.000	99.609	0.164
1490.000	6.000	126.953	0.154
1500.000	6.000	126.953	0.154
1510.000	6.000	126.953	0.154
1520.000	6.000	121.094	0.177
1530.000	6.000	121.094	0.177
1540.000	6.000	121.094	0.177
1550.000	6.000	136.719	0.162
1560.000	6.000	136.719	0.162
1570.000	6.000	136.719	0.162
1580.000	6.000	146.484	0.170
1590.000	6.000	146.484	0.170
1600.000	6.000	146.484	0.170
1610.000	6.000	115.234	0.157
1620.000	6.000	115.234	0.157
1630.000	6.000	115.234	0.157
1640.000	6.000	130.859	0.155
1650.000	6.000	130.859	0.155
1660.000	6.000	130.859	0.155
1670.000	6.000	160.156	0.152
1680.000	6.000	160.156	0.152
1690.000	6.000	160.156	0.152
1700.000	6.000	177.734	0.160
1710.000	6.000	177.734	0.160
1720.000	6.000	177.734	0.160
1730.000	6.000	179.687	0.161
1740.000	6.000	179.687	0.161
1750.000	6.000	179.687	0.161
1760.000	6.000	214.844	0.160
1770.000	6.000	214.844	0.160
1780.000	6.000	214.844	0.160
1790.000	6.000	207.031	0.160
1800.000	6.000	207.031	0.160
1810.000	6.000	207.031	0.160
1820.000	6.000	208.984	0.160
1830.000	6.000	208.984	0.160
1840.000	6.000	208.984	0.160
1850.000	6.000	218.750	0.179
1860.000	6.000	218.750	0.179
1870.000	6.000	218.750	0.179
1880.000	6.000	222.656	0.164
1890.000	6.000	222.656	0.164
1900.000	6.000	222.656	0.164
1910.000	6.000	253.906	0.184
1920.000	6.000	253.906	0.184
1930.000	6.000	253.906	0.184
1940.000	6.000	242.187	0.163
1950.000	6.000	242.187	0.163
1960.000	6.000	242.187	0.163
1970.000	6.000	238.281	0.137
1980.000	6.000	238.281	0.137
1990.000	6.000	238.281	0.137
2000.000	6.000	265.625	0.165
2010.000	6.000	265.625	0.165
2020.000	6.000	265.625	0.165
2030.000	6.000	255.859	0.183
2040.000	6.000	255.859	0.183
2050.000	6.000	255.859	0.183
2060.000	6.000	275.391	0.168
2070.000	6.000	275.391	0.168
2080.000	6.000	275.391	0.168
2090.000	6.000	289.062	0.170
2100.000	6.000	289.062	0.170
2110.000	6.000	289.062	0.170
2120.000	6.000	306.641	0.167
2130.000	6.000	306.641	0.167
2140.000	6.000	306.641	0.167
2150.000	6.000	255.859	0.171
2160.000	6.000	255.859	0.171
2170.000	6.000	255.859	0.171
2180.000	6.000	312.500	0.161
2190.000	6.000	312.500	0.161
2200.000	6.000	312.500	0.161
2210.000	6.000	322.266	0.166
2220.000	6.000	322.266	0.166
2230.000	6.000	322.266	0.166
2240.000	6.000	326.172	0.157
2250.000	6.000	326.172	0.157
2260.000	6.000	326.172	0.157
2270.000	6.000	339.844	0.166
2280.000	6.000	339.844	0.166
2290.000	6.000	339.844	0.166
2300.000	6.000	351.562	0.167
2310.000	6.000	351.562	0.167
2320.000	6.000	351.562	0.167
2330.000	6.000	353.516	0.141
2340.000	6.000	353.516	0.141
2350.000	6.000	353.516	0.141
2360.000	6.000	357.422	0.159
2370.000	6.000	357.422	0.159
2380.000	6.000	357.422	0.159
2390.000	6.000	367.187	0.156
2400.000	6.000	367.187	0.156
2410.000	6.000	367.187	0.156
2420.000	6.000	375.000	0.180
2430.000	6.000	375.000	0.180
2440.000	6.000	375.000	0.180
2450.000	6.000	394.531	0.164
2460.000	6.000	394.531	0.164
2470.000	6.000	394.531	0.164
2480.000	6.000	382.812	0.149
2490.000	6.000	382.812	0.149
2500.000	6.000	382.812	0.149
2510.000	6.000	408.203	0.182
2520.000	6.000	408.203	0.182
2530.000	6.000	408.203	0.182
2540.000	6.000	412.109	0.157
2550.000	6.000	412.109	0.157
2560.000	6.000	412.109	0.157
2570.000	6.000	427.734	0.156
2580.000	6.000	427.734	0.156
2590.000	6.000	427.734	0.156
2600.000	6.000	423.828	0.154
2610.000	6.000	423.828	0.154
2620.000	6.000	423.828	0.154
2630.000	6.000	427.734	0.160
2640.000	6.000	427.734	0.160
2650.000	6.000	427.734	0.160
2660.000	6.000	427.734	0.168
2670.000	6.000	427.734	0.168
2680.000	6.000	427.734	0.168
2690.000	6.000	439.453	0.177
2700.000	6.000	439.453	0.177
2710.000	6.000	439.453	0.177
2720.000	6.000	460.937	0.162
2730.000	6.000	460.937	0.162
2740.000	6.000	460.937	0.162
2750.000	6.000	468.750	0.177
2760.000	6.000	468.750	0.177
2770.000	6.000	468.750	0.177
2780.000	6.000	458.984	0.157
2790.000	6.000	458.984	0.157
2800.000	6.000	458.984	0.157
2810.000	6.000	478.516	0.169
2820.000	6.000	478.516	0.169
2830.000	6.000	478.516	0.169
2840.000	6.000	501.953	0.151
2850.000	6.000	501.953	0.151
2860.000	6.000	501.953	0.151
2870.000	6.000	505.859	0.168
2880.000	6.000	505.859	0.168
2890.000	6.000	505.859	0.168
2900.000	6.000	500.000	0.175
2910.000	6.000	500.000	0.175
2920.000	6.000	500.000	0.175
2930.000	6.000	501.953	0.165
2940.000	6.000	501.953	0.165
2950.000	6.000	501.953	0.165
2960.000	6.000	517.578	0.165
2970.000	6.000	517.578	0.165
2980.000	6.000	517.578	0.165
2990.000	6.000	552.734	0.137
3000.000	6.000	552.734	0.137
3010.000	6.000	552.734	0.137
3020.000	6.000	490.234	0.167
3030.000	6.000	490.234	0.167
3040.000	6.000	490.234	0.167
3050.000	6.000	535.156	0.173
3060.000	6.000	535.156	0.173
3070.000	6.000	535.156	0.173
3080.000	6.000	550.781	0.158
3090.000	6.000	550.781	0.158
3100.000	6.000	550.781	0.158
3110.000	6.000	529.297	0.184
3120.000	6.000	529.297	0.184
3130.000	6.000	529.297	0.184
3140.000	6.000	564.453	0.161
3150.000	6.000	564.453	0.161
3160.000	6.000	564.453	0.161
3170.000	6.000	574.219	0.164
3180.000	6.000	574.219	0.164
3190.000	6.000	574.219	0.164
3200.000	6.000	580.078	0.135
3210.000	6.000	580.078	0.135
3220.000	6.000	580.078	0.135
3230.000	6.000	574.219	0.163
3240.000	6.000	574.219	0.163
3250.000	6.000	574.219	0.163
3260.000	6.000	580.078	0.164
3270.000	6.000	580.078	0.164
3280.000	6.000	580.078	0.164
3290.000	6.000	597.656	0.151
3300.000	6.000	597.656	0.151
3310.000	6.000	597.656	0.151
3320.000	6.000	607.422	0.167
3330.000	6.000	607.422	0.167
3340.000	6.000	607.422	0.167
3350.000	6.000	607.422	0.163
3360.000	6.000	607.422	0.163
3370.000	6.000	607.422	0.163
3380.000	6.000	626.953	0.175
3390.000	6.000	626.953	0.175
3400.000	6.000	626.953	0.175
3410.000	6.000	597.656	0.151
3420.000	6.000	597.656	0.151
3430.000	6.000	597.656	0.151
3440.000	6.000	630.859	0.175
3450.000	6.000	630.859	0.175
3460.000	6.000	630.859	0.175
3470.000	6.000	630.859	0.165
3480.000	6.000	630.859	0.165
3490.000	6.000	630.859	0.165
3500.000	6.000	648.437	0.178
3510.000	6.000	648.437	0.178
3520.000	6.000	648.437	0.178
3530.000	6.000	619.141	0.163
3540.000	6.000	619.141	0.163
3550.000	6.000	619.141	0.163
3560.000	6.000	656.250	0.176
3570.000	6.000	656.250	0.176
3580.000	6.000	656.250	0.176
3590.000	6.000	666.016	0.171
3600.000	6.000	666.016	0.171
3610.000	6.000	666.016	0.171
3620.000	6.000	640.625	0.167
3630.000	6.000	640.625	0.167
3640.000	6.000	640.625	0.167
3650.000	6.000	669.922	0.160
3660.000	6.000	669.922	0.160
3670.000	6.000	669.922	0.160
3680.000	6.000	712.891	0.164
3690.000	6.000	712.891	0.164
3700.000	6.000	712.891	0.164
3710.000	6.000	681.641	0.161
3720.000	6.000	681.641	0.161
3730.000	6.000	681.641	0.161
3740.000	6.000	703.125	0.161
3750.000	6.000	703.125	0.161
3760.000	6.000	703.125	0.161
3770.000	6.000	708.984	0.167
3780.000	6.000	708.984	0.167
3790.000	6.000	708.984	0.167
3800.000	6.000	724.609	0.165
3810.000	6.000	724.609	0.165
3820.000	6.000	724.609	0.165
3830.000	6.000	714.844	0.153
3840.000	6.000	714.844	0.153
3850.000	6.000	714.844	0.153
3860.000	6.000	755.859	0.183
3870.000	6.000	755.859	0.183
3880.000	6.000	755.859	0.183
3890.000	6.000	732.422	0.168
3900.000	6.000	732.422	0.168
3910.000	6.000	732.422	0.168
3920.000	6.000	757.812	0.156
3930.000	6.000	757.812	0.156
3940.000	6.000	757.812	0.156
3950.000	6.000	789.062	0.164
3960.000	6.000	789.062	0.164
3970.000	6.000	789.062	0.164
3980.000	6.000	750.000	0.162
3990.000	6.000	750.000	0.162
4000.000	6.000	750.000	0.162
4010.000	6.000	777.344	0.162
4020.000	6.000	777.344	0.162
4030.000	6.000	777.344	0.162
4040.000	6.000	783.203	0.168
4050.000	6.000	783.203	0.168
4060.000	6.000	783.203	0.168
4070.000	6.000	775.391	0.167
4080.000	6.000	775.391	0.167
4090.000	6.000	775.391	0.167
4100.000	6.000	796.875	0.160
4110.000	6.000	796.875	0.160
4120.000	6.000	796.875	0.160
4130.000	6.000	792.969	0.166
4140.000	6.000	792.969	0.166
4150.000	6.000	792.969	0.166
4160.000	6.000	806.641	0.161
4170.000	6.000	806.641	0.161
4180.000	6.000	806.641	0.161
4190.000	6.000	791.016	0.157
4200.000	6.000	791.016	0.157
4210.000	6.000	791.016	0.157
4220.000	6.000	814.453	0.169
4230.000	6.000	814.453	0.169
4240.000	6.000	814.453	0.169
4250.000	6.000	814.453	0.164
4260.000	6.000	814.453	0.164
4270.000	6.000	814.453	0.164
4280.000	6.000	828.125	0.165
4290.000	6.000	828.125	0.165
4300.000	6.000	828.125	0.165
4310.000	6.000	832.031	0.145
4320.000	6.000	832.031	0.145
4330.000	6.000	832.031	0.145
4340.000	6.000	837.891	0.140
4350.000	6.000	837.891	0.140
4360.000	6.000	837.891	0.140
4370.000	6.000	857.422	0.173
4380.000	6.000	857.422	0.173
4390.000	6.000	857.422	0.173
4400.000	6.000	865.234	0.182
4410.000	6.000	865.234	0.182
4420.000	6.000	865.234	0.182
4430.000	6.000	859.375	0.161
4440.000	6.000	859.375	0.161
4450.000	6.000	859.375	0.161
4460.000	6.000	867.187	0.152
4470.000	6.000	867.187	0.152
4480.000	6.000	867.187	0.152
4490.000	6.000	890.625	0.166
4500.000	6.000	890.625	0.166
4510.000	6.000	890.625	0.166
4520.000	6.000	884.766	0.153
4530.000	6.000	884.766	0.153
4540.000	6.000	884.766	0.153
4550.000	6.000	910.156	0.161
4560.000	6.000	910.156	0.161
4570.000	6.000	910.156	0.161
4580.000	6.000	884.766	0.170
4590.000	6.000	884.766	0.170
4600.000	6.000	884.766	0.170
4610.000	6.000	910.156	0.164
4620.000	6.000	910.156	0.164
4630.000	6.000	910.156	0.164
4640.000	6.000	908.203	0.166
4650.000	6.000	908.203	0.166
4660.000	6.000	908.203	0.166
4670.000	6.000	914.062	0.161
4680.000	6.000	914.062	0.161
4690.000	6.000	914.062	0.161
4700.000	6.000	910.156	0.138
4710.000	6.000	910.156	0.138
4720.000	6.000	910.156	0.138
4730.000	6.000	958.984	0.167
4740.000	6.000	958.984	0.167
4750.000	6.000	958.984	0.167
4760.000	6.000	916.016	0.173
4770.000	6.000	916.016	0.173
4780.000	6.000	916.016	0.173
4790.000	6.000	941.406	0.182
4800.000	6.000	941.406	0.182
4810.000	6.000	941.406	0.182
4820.000	6.000	953.125	0.164
4830.000	6.000	953.125	0.164
4840.000	6.000	953.125	0.164
4850.000	6.000	951.172	0.168
4860.000	6.000	951.172	0.168
4870.000	6.000	951.172	0.168
4880.000	6.000	972.656	0.163
4890.000	6.000	972.656	0.163
4900.000	6.000	972.656	0.163
4910.000	6.000	982.422	0.166
4920.000	6.000	982.422	0.166
4930.000	6.000	982.422	0.166
4940.000	6.000	958.984	0.159
4950.000	6.000	958.984	0.159
4960.000	6.000	958.984	0.159
4970.000	6.000	976.562	0.167
4980.000	6.000	976.562	0.167
4990.000	6.000	976.562	0.167
5000.000	6.000	955.078	0.185
5010.000	6.000	955.078	0.185
5020.000	6.000	955.078	0.185
5030.000	6.000	992.187	0.156
5040.000	6.000	992.187	0.156
5050.000	6.000	992.187	0.156
5060.000	6.000	998.047	0.161
5070.000	6.000	998.047	0.161
5080.000	6.000	998.047	0.161
5090.000	6.000	998.047	0.167
5100.000	6.000	998.047	0.167
5110.000	6.000	998.047	0.167
5120.000	6.000	1005.859	0.178
5130.000	6.000	1005.859	0.178
5140.000	6.000	1005.859	0.178
5150.000	6.000	1013.672	0.164
5160.000	6.000	1013.672	0.164
5170.000	6.000	1013.672	0.164
5180.000	6.000	1019.531	0.163
5190.000	6.000	1019.531	0.163
5200.000	6.000	1019.531	0.163
5210.000	6.000	1015.625	0.155
5220.000	6.000	1015.625	0.155
5230.000	6.000	1015.625	0.155
5240.000	6.000	1027.344	0.169
5250.000	6.000	1027.344	0.169
5260.000	6.000	1027.344	0.169
5270.000	6.000	1046.875	0.162
5280.000	6.000	1046.875	0.162
5290.000	6.000	1046.875	0.162
5300.000	6.000	1052.734	0.162
5310.000	6.000	1052.734	0.162
5320.000	6.000	1052.734	0.162
5330.000	6.000	1060.547	0.165
5340.000	6.000	1060.547	0.165
5350.000	6.000	1060.547	0.165
5360.000	6.000	1058.594	0.159
5370.000	6.000	1058.594	0.159
5380.000	6.000	1058.594	0.159
5390.000	6.000	1060.547	0.157
5400.000	6.000	1060.547	0.157
5410.000	6.000	1060.547	0.157
5420.000	6.000	1064.453	0.156
5430.000	6.000	1064.453	0.156
5440.000	6.000	1064.453	0.156
5450.000	6.000	1078.125	0.171
5460.000	6.000	1078.125	0.171
5470.000	6.000	1078.125	0.171
5480.000	6.000	1064.453	0.159
5490.000	6.000	1064.453	0.159
5500.000	6.000	1064.453	0.159
5510.000	6.000	1105.469	0.158
5520.000	6.000	1105.469	0.158
5530.000	6.000	1105.469	0.158
5540.000	6.000	1080.078	0.163
5550.000	6.000	1080.078	0.163
5560.000	6.000	1080.078	0.163
5570.000	6.000	1105.469	0.144
5580.000	6.000	1105.469	0.144
5590.000	6.000	1105.469	0.144
5600.000	6.000	1091.797	0.163
5610.000	6.000	1091.797	0.163
5620.000	6.000	1091.797	0.163
5630.000	6.000	1095.703	0.158
5640.000	6.000	1095.703	0.158
5650.000	6.000	1095.703	0.158
5660.000	6.000	1113.281	0.163
5670.000	6.000	1113.281	0.163
5680.000	6.000	1113.281	0.163
5690.000	6.000	1097.656	0.158
5700.000	6.000	1097.656	0.158
5710.000	6.000	1097.656	0.158
5720.000	6.000	1126.953	0.163
5730.000	6.000	1126.953	0.163
5740.000	6.000	1126.953	0.163
5750.000	6.000	1119.141	0.165
5760.000	6.000	1119.141	0.165
5770.000	6.000	1119.141	0.165
5780.000	6.000	1132.812	0.170
5790.000	6.000	1132.812	0.170
5800.000	6.000	1132.812	0.170
5810.000	6.000	1130.859	0.160
5820.000	6.000	1130.859	0.160
5830.000	6.000	1130.859	0.160
5840.000	6.000	1177.734	0.170
5850.000	6.000	1177.734	0.170
5860.000	6.000	1177.734	0.170
5870.000	6.000	1146.484	0.153
5880.000	6.000	1146.484	0.153
5890.000	6.000	1146.484	0.153
5900.000	6.000	1156.250	0.157
5910.000	6.000	1156.250	0.157
5920.000	6.000	1156.250	0.157
5930.000	6.000	1154.297	0.181
5940.000	6.000	1154.297	0.181
5950.000	6.000	1154.297	0.181
5960.000	6.000	1167.969	0.174
5970.000	6.000	1167.969	0.174
5980.000	6.000	1167.969	0.174
5990.000	6.000	1203.125	0.158
6000.000	6.000	1203.125	0.158
6010.000	6.000	1203.125	0.158
6020.000	6.000	1183.594	0.160
6030.000	6.000	1183.594	0.160
6040.000	6.000	1183.594	0.160
6050.000	6.000	1173.828	0.165
6060.000	6.000	1173.828	0.165
6070.000	6.000	1173.828	0.165
6080.000	6.000	1203.125	0.167
6090.000	6.000	1203.125	0.167
6100.000	6.000	1203.125	0.167
6110.000	6.000	1197.266	0.109
6120.000	6.000	1197.266	0.109
6130.000	6.000	1197.266	0.109
6140.000	6.000	1212.891	0.035
6150.000	6.000	1212.891	0.035
6160.000	6.000	1212.891	0.035
6170.000	6.000	1164.062	0.023
6180.000	6.000	1164.062	0.023
6190.000	6.000	1164.062	0.023
6200.000	6.000	1154.297	-0.005
6210.000	6.000	1154.297	-0.005
6220.000	6.000	1154.297	-0.005
6230.000	6.000	1162.109	-0.013
6240.000	6.000	1162.109	-0.013
6250.000	6.000	1162.109	-0.013
6260.000	6.000	1156.250	-0.009
6270.000	6.000	1156.250	-0.009
6280.000	6.000	1156.250	-0.009
6290.000	6.000	1136.719	-0.013
6300.000	6.000	1136.719	-0.013
6310.000	6.000	1136.719	-0.013
6320.000	6.000	1152.344	-0.008
6330.000	6.000	1152.344	-0.008
6340.000	6.000	1152.344	-0.008
6350.000	6.000	1140.625	-0.013
6360.000	6.000	1140.625	-0.013
6370.000	6.000	1140.625	-0.013
6380.000	6.000	1148.437	-0.013
6390.000	6.000	1148.437	-0.013
6400.000	6.000	1148.437	-0.013
6410.000	6.000	1107.422	-0.036
6420.000	6.000	1107.422	-0.036
6430.000	6.000	1107.422	-0.036
6440.000	6.000	1070.312	-0.031
6450.000	6.000	1070.312	-0.031
6460.000	6.000	1070.312	-0.031
6470.000	6.000	1087.891	-0.018
6480.000	6.000	1087.891	-0.018
6490.000	6.000	1087.891	-0.018
6500.000	6.000	1080.078	-0.008
6510.000	6.000	1080.078	-0.008
6520.000	6.000	1080.078	-0.008
6530.000	6.000	1058.594	-0.016
6540.000	6.000	1058.594	-0.016
6550.000	6.000	1058.594	-0.016
6560.000	6.000	1064.453	-0.005
6570.000	6.000	1064.453	-0.005
6580.000	6.000	1064.453	-0.005
6590.000	6.000	1056.641	-0.007
6600.000	6.000	1056.641	-0.007
6610.000	6.000	1056.641	-0.007
6620.000	6.000	1029.297	-0.013
6630.000	6.000	1029.297	-0.013
6640.000	6.000	1029.297	-0.013
6650.000	6.000	1019.531	-0.014
6660.000	6.000	1019.531	-0.014
6670.000	6.000	1019.531	-0.014
6680.000	6.000	1050.781	-0.007
6690.000	6.000	1050.781	-0.007
6700.000	6.000	1050.781	-0.007
6710.000	6.000	1009.766	-0.006
6720.000	6.000	1009.766	-0.006
6730.000	6.000	1009.766	-0.006
6740.000	6.000	998.047	-0.011
6750.000	6.000	998.047	-0.011
6760.000	6.000	998.047	-0.011
6770.000	6.000	996.094	0.003
6780.000	6.000	996.094	0.003
6790.000	6.000	996.094	0.003
6800.000	6.000	988.281	-0.012
6810.000	6.000	988.281	-0.012
6820.000	6.000	988.281	-0.012
6830.000	6.000	974.609	-0.008
6840.000	6.000	974.609	-0.008
6850.000	6.000	974.609	-0.008
6860.000	6.000	958.984	-0.015
6870.000	6.000	958.984	-0.015
6880.000	6.000	958.984	-0.015
6890.000	6.000	955.078	-0.034
6900.000	6.000	955.078	-0.034
6910.000	6.000	955.078	-0.034
6920.000	6.000	939.453	-0.019
6930.000	6.000	939.453	-0.019
6940.000	6.000	939.453	-0.019
6950.000	6.000	935.547	-0.007
6960.000	6.000	935.547	-0.007
6970.000	6.000	935.547	-0.007
6980.000	6.000	917.969	-0.020
6990.000	6.000	917.969	-0.020
7000.000	6.000	917.969	-0.020
7010.000	6.000	914.062	-0.014
7020.000	6.000	914.062	-0.014
