%Time [ms]	Commanded Torque [mNm]	Angular Velocity [RPM]	Actual Current [Amp]	%10/7/20259:45 AM
0.000	0.000	0.000	0.000
20.000	10.000	13.672	-0.036
30.000	10.000	13.672	-0.036
40.000	10.000	13.672	-0.036
50.000	10.000	3.906	-0.014
60.000	10.000	3.906	-0.014
70.000	10.000	3.906	-0.014
80.000	10.000	-3.906	-0.016
90.000	10.000	-3.906	-0.016
100.000	10.000	-3.906	-0.016
110.000	10.000	-7.812	-0.016
120.000	10.000	-7.812	-0.016
130.000	10.000	-7.812	-0.016
140.000	10.000	7.812	-0.004
150.000	10.000	7.812	-0.004
160.000	10.000	7.812	-0.004
170.000	10.000	-13.672	-0.013
180.000	10.000	-13.672	-0.013
190.000	10.000	-13.672	-0.013
200.000	10.000	-7.812	0.004
210.000	10.000	-7.812	0.004
220.000	10.000	-7.812	0.004
230.000	10.000	-1.953	-0.012
240.000	10.000	-1.953	-0.012
250.000	10.000	-1.953	-0.012
260.000	10.000	9.766	-0.020
270.000	10.000	9.766	-0.020
280.000	10.000	9.766	-0.020
290.000	10.000	-3.906	-0.015
300.000	10.000	-3.906	-0.015
310.000	10.000	-3.906	-0.015
320.000	10.000	-5.859	-0.036
330.000	10.000	-5.859	-0.036
340.000	10.000	-5.859	-0.036
350.000	10.000	-5.859	-0.018
360.000	10.000	-5.859	-0.018
370.000	10.000	-5.859	-0.018
380.000	10.000	-1.953	-0.015
390.000	10.000	-1.953	-0.015
400.000	10.000	-1.953	-0.015
410.000	10.000	-11.719	-0.013
420.000	10.000	-11.719	-0.013
430.000	10.000	-11.719	-0.013
440.000	10.000	-33.203	-0.015
450.000	10.000	-33.203	-0.015
460.000	10.000	-33.203	-0.015
470.000	10.000	9.766	-0.014
480.000	10.000	9.766	-0.014
490.000	10.000	9.766	-0.014
500.000	10.000	-3.906	0.013
510.000	10.000	-3.906	0.013
520.000	10.000	-3.906	0.013
530.000	10.000	0.000	-0.017
540.000	10.000	0.000	-0.017
550.000	10.000	0.000	-0.017
560.000	10.000	-35.156	-0.017
570.000	10.000	-35.156	-0.017
580.000	10.000	-35.156	-0.017
590.000	10.000	-3.906	0.000
600.000	10.000	-3.906	0.000
610.000	10.000	-3.906	0.000
620.000	10.000	-17.578	-0.012
630.000	10.000	-17.578	-0.012
640.000	10.000	-17.578	-0.012
650.000	10.000	-5.859	-0.011
660.000	10.000	-5.859	-0.011
670.000	10.000	-5.859	-0.011
680.000	10.000	-9.766	-0.017
690.000	10.000	-9.766	-0.017
700.000	10.000	-9.766	-0.017
710.000	10.000	-11.719	0.000
720.000	10.000	-11.719	0.000
730.000	10.000	-11.719	0.000
740.000	10.000	0.000	-0.020
750.000	10.000	0.000	-0.020
760.000	10.000	0.000	-0.020
770.000	10.000	9.766	-0.016
780.000	10.000	9.766	-0.016
790.000	10.000	9.766	-0.016
800.000	10.000	-3.906	-0.014
810.000	10.000	-3.906	-0.014
820.000	10.000	-3.906	-0.014
830.000	10.000	-7.812	-0.013
840.000	10.000	-7.812	-0.013
850.000	10.000	-7.812	-0.013
860.000	10.000	5.859	-0.012
870.000	10.000	5.859	-0.012
880.000	10.000	5.859	-0.012
890.000	10.000	19.531	-0.011
900.000	10.000	19.531	-0.011
910.000	10.000	19.531	-0.011
920.000	10.000	-3.906	-0.015
930.000	10.000	-3.906	-0.015
940.000	10.000	-3.906	-0.015
950.000	10.000	0.000	-0.013
960.000	10.000	0.000	-0.013
970.000	10.000	0.000	-0.013
980.000	10.000	3.906	-0.026
990.000	10.000	3.906	-0.026
1000.000	10.000	3.906	-0.026
1010.000	10.000	-15.625	-0.015
1020.000	10.000	-15.625	-0.015
1030.000	10.000	-15.625	-0.015
1040.000	10.000	-11.719	-0.006
1050.000	10.000	-11.719	-0.006
1060.000	10.000	-11.719	-0.006
1070.000	10.000	-13.672	-0.015
1080.000	10.000	-13.672	-0.015
1090.000	10.000	-13.672	-0.015
1100.000	10.000	13.672	0.120
1110.000	10.000	13.672	0.120
1120.000	10.000	13.672	0.120
1130.000	10.000	-9.766	0.229
1140.000	10.000	-9.766	0.229
1150.000	10.000	-9.766	0.229
1160.000	10.000	23.437	0.258
1170.000	10.000	23.437	0.258
1180.000	10.000	23.437	0.258
1190.000	10.000	31.250	0.275
1200.000	10.000	31.250	0.275
1210.000	10.000	31.250	0.275
1220.000	10.000	48.828	0.279
1230.000	10.000	48.828	0.279
1240.000	10.000	48.828	0.279
1250.000	10.000	74.219	0.300
1260.000	10.000	74.219	0.300
1270.000	10.000	74.219	0.300
1280.000	10.000	117.187	0.291
1290.000	10.000	117.187	0.291
1300.000	10.000	117.187	0.291
1310.000	10.000	128.906	0.280
1320.000	10.000	128.906	0.280
1330.000	10.000	128.906	0.280
1340.000	10.000	154.297	0.279
1350.000	10.000	154.297	0.279
1360.000	10.000	154.297	0.279
1370.000	10.000	171.875	0.270
1380.000	10.000	171.875	0.270
1390.000	10.000	171.875	0.270
1400.000	10.000	189.453	0.279
1410.000	10.000	189.453	0.279
1420.000	10.000	189.453	0.279
1430.000	10.000	207.031	0.278
1440.000	10.000	207.031	0.278
1450.000	10.000	207.031	0.278
1460.000	10.000	220.703	0.272
1470.000	10.000	220.703	0.272
1480.000	10.000	220.703	0.272
1490.000	10.000	273.437	0.298
1500.000	10.000	273.437	0.298
1510.000	10.000	273.437	0.298
1520.000	10.000	255.859	0.281
1530.000	10.000	255.859	0.281
1540.000	10.000	255.859	0.281
1550.000	10.000	300.781	0.285
1560.000	10.000	300.781	0.285
1570.000	10.000	300.781	0.285
1580.000	10.000	304.687	0.271
1590.000	10.000	304.687	0.271
1600.000	10.000	304.687	0.271
1610.000	10.000	306.641	0.282
1620.000	10.000	306.641	0.282
1630.000	10.000	306.641	0.282
1640.000	10.000	345.703	0.287
1650.000	10.000	345.703	0.287
1660.000	10.000	345.703	0.287
1670.000	10.000	388.672	0.282
1680.000	10.000	388.672	0.282
1690.000	10.000	388.672	0.282
1700.000	10.000	380.859	0.280
1710.000	10.000	380.859	0.280
1720.000	10.000	380.859	0.280
1730.000	10.000	406.250	0.292
1740.000	10.000	406.250	0.292
1750.000	10.000	406.250	0.292
1760.000	10.000	419.922	0.277
1770.000	10.000	419.922	0.277
1780.000	10.000	419.922	0.277
1790.000	10.000	460.937	0.283
1800.000	10.000	460.937	0.283
1810.000	10.000	460.937	0.283
1820.000	10.000	457.031	0.273
1830.000	10.000	457.031	0.273
1840.000	10.000	457.031	0.273
1850.000	10.000	462.891	0.281
1860.000	10.000	462.891	0.281
1870.000	10.000	462.891	0.281
1880.000	10.000	527.344	0.275
1890.000	10.000	527.344	0.275
1900.000	10.000	527.344	0.275
1910.000	10.000	513.672	0.283
1920.000	10.000	513.672	0.283
1930.000	10.000	513.672	0.283
1940.000	10.000	523.437	0.279
1950.000	10.000	523.437	0.279
1960.000	10.000	523.437	0.279
1970.000	10.000	582.031	0.279
1980.000	10.000	582.031	0.279
1990.000	10.000	582.031	0.279
2000.000	10.000	578.125	0.280
2010.000	10.000	578.125	0.280
2020.000	10.000	578.125	0.280
2030.000	10.000	587.891	0.282
2040.000	10.000	587.891	0.282
2050.000	10.000	587.891	0.282
2060.000	10.000	585.937	0.272
2070.000	10.000	585.937	0.272
2080.000	10.000	585.937	0.272
2090.000	10.000	632.812	0.281
2100.000	10.000	632.812	0.281
2110.000	10.000	632.812	0.281
2120.000	10.000	636.719	0.283
2130.000	10.000	636.719	0.283
2140.000	10.000	636.719	0.283
2150.000	10.000	644.531	0.290
2160.000	10.000	644.531	0.290
2170.000	10.000	644.531	0.290
2180.000	10.000	667.969	0.280
2190.000	10.000	667.969	0.280
2200.000	10.000	667.969	0.280
2210.000	10.000	693.359	0.275
2220.000	10.000	693.359	0.275
2230.000	10.000	693.359	0.275
2240.000	10.000	728.516	0.277
2250.000	10.000	728.516	0.277
2260.000	10.000	728.516	0.277
2270.000	10.000	722.656	0.278
2280.000	10.000	722.656	0.278
2290.000	10.000	722.656	0.278
2300.000	10.000	755.859	0.280
2310.000	10.000	755.859	0.280
2320.000	10.000	755.859	0.280
2330.000	10.000	765.625	0.278
2340.000	10.000	765.625	0.278
2350.000	10.000	765.625	0.278
2360.000	10.000	785.156	0.279
2370.000	10.000	785.156	0.279
2380.000	10.000	785.156	0.279
2390.000	10.000	796.875	0.284
2400.000	10.000	796.875	0.284
2410.000	10.000	796.875	0.284
2420.000	10.000	830.078	0.292
2430.000	10.000	830.078	0.292
2440.000	10.000	830.078	0.292
2450.000	10.000	853.516	0.272
2460.000	10.000	853.516	0.272
2470.000	10.000	853.516	0.272
2480.000	10.000	835.937	0.288
2490.000	10.000	835.937	0.288
2500.000	10.000	835.937	0.288
2510.000	10.000	876.953	0.303
2520.000	10.000	876.953	0.303
2530.000	10.000	876.953	0.303
2540.000	10.000	892.578	0.285
2550.000	10.000	892.578	0.285
2560.000	10.000	892.578	0.285
2570.000	10.000	912.109	0.278
2580.000	10.000	912.109	0.278
2590.000	10.000	912.109	0.278
2600.000	10.000	929.687	0.292
2610.000	10.000	929.687	0.292
2620.000	10.000	929.687	0.292
2630.000	10.000	951.172	0.296
2640.000	10.000	951.172	0.296
2650.000	10.000	951.172	0.296
2660.000	10.000	953.125	0.280
2670.000	10.000	953.125	0.280
2680.000	10.000	953.125	0.280
2690.000	10.000	947.266	0.299
2700.000	10.000	947.266	0.299
2710.000	10.000	947.266	0.299
2720.000	10.000	1009.766	0.277
2730.000	10.000	1009.766	0.277
2740.000	10.000	1009.766	0.277
2750.000	10.000	1027.344	0.284
2760.000	10.000	1027.344	0.284
2770.000	10.000	1027.344	0.284
2780.000	10.000	1009.766	0.306
2790.000	10.000	1009.766	0.306
2800.000	10.000	1009.766	0.306
2810.000	10.000	1019.531	0.305
2820.000	10.000	1019.531	0.305
2830.000	10.000	1019.531	0.305
2840.000	10.000	1060.547	0.284
2850.000	10.000	1060.547	0.284
2860.000	10.000	1060.547	0.284
2870.000	10.000	1064.453	0.271
2880.000	10.000	1064.453	0.271
2890.000	10.000	1064.453	0.271
2900.000	10.000	1093.750	0.271
2910.000	10.000	1093.750	0.271
2920.000	10.000	1093.750	0.271
2930.000	10.000	1115.234	0.283
2940.000	10.000	1115.234	0.283
2950.000	10.000	1115.234	0.283
2960.000	10.000	1140.625	0.261
2970.000	10.000	1140.625	0.261
2980.000	10.000	1140.625	0.261
2990.000	10.000	1107.422	0.268
3000.000	10.000	1107.422	0.268
3010.000	10.000	1107.422	0.268
3020.000	10.000	1148.437	0.279
3030.000	10.000	1148.437	0.279
3040.000	10.000	1148.437	0.279
3050.000	10.000	1181.641	0.271
3060.000	10.000	1181.641	0.271
3070.000	10.000	1181.641	0.271
3080.000	10.000	1175.781	0.283
3090.000	10.000	1175.781	0.283
3100.000	10.000	1175.781	0.283
3110.000	10.000	1171.875	0.272
3120.000	10.000	1171.875	0.272
3130.000	10.000	1171.875	0.272
3140.000	10.000	1234.375	0.273
3150.000	10.000	1234.375	0.273
3160.000	10.000	1234.375	0.273
3170.000	10.000	1271.484	0.273
3180.000	10.000	1271.484	0.273
3190.000	10.000	1271.484	0.273
3200.000	10.000	1263.672	0.270
3210.000	10.000	1263.672	0.270
3220.000	10.000	1263.672	0.270
3230.000	10.000	1244.141	0.278
3240.000	10.000	1244.141	0.278
3250.000	10.000	1244.141	0.278
3260.000	10.000	1298.828	0.277
3270.000	10.000	1298.828	0.277
3280.000	10.000	1298.828	0.277
3290.000	10.000	1304.687	0.306
3300.000	10.000	1304.687	0.306
3310.000	10.000	1304.687	0.306
3320.000	10.000	1308.594	0.290
3330.000	10.000	1308.594	0.290
3340.000	10.000	1308.594	0.290
3350.000	10.000	1314.453	0.283
3360.000	10.000	1314.453	0.283
3370.000	10.000	1314.453	0.283
3380.000	10.000	1363.281	0.295
3390.000	10.000	1363.281	0.295
3400.000	10.000	1363.281	0.295
3410.000	10.000	1384.766	0.282
3420.000	10.000	1384.766	0.282
3430.000	10.000	1384.766	0.282
3440.000	10.000	1427.734	0.280
3450.000	10.000	1427.734	0.280
3460.000	10.000	1427.734	0.280
3470.000	10.000	1406.250	0.276
3480.000	10.000	1406.250	0.276
3490.000	10.000	1406.250	0.276
3500.000	10.000	1417.969	0.282
3510.000	10.000	1417.969	0.282
3520.000	10.000	1417.969	0.282
3530.000	10.000	1453.125	0.271
3540.000	10.000	1453.125	0.271
3550.000	10.000	1453.125	0.271
3560.000	10.000	1453.125	0.291
3570.000	10.000	1453.125	0.291
3580.000	10.000	1453.125	0.291
3590.000	10.000	1474.609	0.307
3600.000	10.000	1474.609	0.307
3610.000	10.000	1474.609	0.307
3620.000	10.000	1488.281	0.288
3630.000	10.000	1488.281	0.288
3640.000	10.000	1488.281	0.288
3650.000	10.000	1513.672	0.283
3660.000	10.000	1513.672	0.283
3670.000	10.000	1513.672	0.283
3680.000	10.000	1521.484	0.281
3690.000	10.000	1521.484	0.281
3700.000	10.000	1521.484	0.281
3710.000	10.000	1541.016	0.276
3720.000	10.000	1541.016	0.276
3730.000	10.000	1541.016	0.276
3740.000	10.000	1541.016	0.278
3750.000	10.000	1541.016	0.278
3760.000	10.000	1541.016	0.278
3770.000	10.000	1574.219	0.281
3780.000	10.000	1574.219	0.281
3790.000	10.000	1574.219	0.281
3800.000	10.000	1570.312	0.281
3810.000	10.000	1570.312	0.281
3820.000	10.000	1570.312	0.281
3830.000	10.000	1597.656	0.315
3840.000	10.000	1597.656	0.315
3850.000	10.000	1597.656	0.315
3860.000	10.000	1603.516	0.278
3870.000	10.000	1603.516	0.278
3880.000	10.000	1603.516	0.278
3890.000	10.000	1630.859	0.256
3900.000	10.000	1630.859	0.256
3910.000	10.000	1630.859	0.256
3920.000	10.000	1605.469	0.299
3930.000	10.000	1605.469	0.299
3940.000	10.000	1605.469	0.299
3950.000	10.000	1654.297	0.281
3960.000	10.000	1654.297	0.281
3970.000	10.000	1654.297	0.281
3980.000	10.000	1681.641	0.285
3990.000	10.000	1681.641	0.285
4000.000	10.000	1681.641	0.285
4010.000	10.000	1679.687	0.294
4020.000	10.000	1679.687	0.294
4030.000	10.000	1679.687	0.294
4040.000	10.000	1693.359	0.282
4050.000	10.000	1693.359	0.282
4060.000	10.000	1693.359	0.282
4070.000	10.000	1742.187	0.279
4080.000	10.000	1742.187	0.279
4090.000	10.000	1742.187	0.279
4100.000	10.000	1722.656	0.272
4110.000	10.000	1722.656	0.272
4120.000	10.000	1722.656	0.272
4130.000	10.000	1750.000	0.280
4140.000	10.000	1750.000	0.280
4150.000	10.000	1750.000	0.280
4160.000	10.000	1755.859	0.282
4170.000	10.000	1755.859	0.282
4180.000	10.000	1755.859	0.282
4190.000	10.000	1769.531	0.283
4200.000	10.000	1769.531	0.283
4210.000	10.000	1769.531	0.283
4220.000	10.000	1787.109	0.265
4230.000	10.000	1787.109	0.265
4240.000	10.000	1787.109	0.265
4250.000	10.000	1818.359	0.272
4260.000	10.000	1818.359	0.272
4270.000	10.000	1818.359	0.272
4280.000	10.000	1822.266	0.294
4290.000	10.000	1822.266	0.294
4300.000	10.000	1822.266	0.294
4310.000	10.000	1816.406	0.290
4320.000	10.000	1816.406	0.290
4330.000	10.000	1816.406	0.290
4340.000	10.000	1869.141	0.296
4350.000	10.000	1869.141	0.296
4360.000	10.000	1869.141	0.296
4370.000	10.000	1855.469	0.289
4380.000	10.000	1855.469	0.289
4390.000	10.000	1855.469	0.289
4400.000	10.000	1878.906	0.276
4410.000	10.000	1878.906	0.276
4420.000	10.000	1878.906	0.276
4430.000	10.000	1892.578	0.282
4440.000	10.000	1892.578	0.282
4450.000	10.000	1892.578	0.282
4460.000	10.000	1882.812	0.287
4470.000	10.000	1882.812	0.287
4480.000	10.000	1882.812	0.287
4490.000	10.000	1953.125	0.291
4500.000	10.000	1953.125	0.291
4510.000	10.000	1953.125	0.291
4520.000	10.000	1939.453	0.283
4530.000	10.000	1939.453	0.283
4540.000	10.000	1939.453	0.283
4550.000	10.000	1980.469	0.250
4560.000	10.000	1980.469	0.250
4570.000	10.000	1980.469	0.250
4580.000	10.000	1968.750	0.292
4590.000	10.000	1968.750	0.292
4600.000	10.000	1968.750	0.292
4610.000	10.000	1970.703	0.288
4620.000	10.000	1970.703	0.288
4630.000	10.000	1970.703	0.288
4640.000	10.000	2000.000	0.274
4650.000	10.000	2000.000	0.274
4660.000	10.000	2000.000	0.274
4670.000	10.000	2017.578	0.280
4680.000	10.000	2017.578	0.280
4690.000	10.000	2017.578	0.280
4700.000	10.000	2056.641	0.286
4710.000	10.000	2056.641	0.286
4720.000	10.000	2056.641	0.286
4730.000	10.000	2027.344	0.293
4740.000	10.000	2027.344	0.293
4750.000	10.000	2027.344	0.293
4760.000	10.000	2031.250	0.309
4770.000	10.000	2031.250	0.309
4780.000	10.000	2031.250	0.309
4790.000	10.000	2052.734	0.286
4800.000	10.000	2052.734	0.286
4810.000	10.000	2052.734	0.286
4820.000	10.000	2083.984	0.267
4830.000	10.000	2083.984	0.267
4840.000	10.000	2083.984	0.267
4850.000	10.000	2091.797	0.284
4860.000	10.000	2091.797	0.284
4870.000	10.000	2091.797	0.284
4880.000	10.000	2056.641	0.301
4890.000	10.000	2056.641	0.301
4900.000	10.000	2056.641	0.301
4910.000	10.000	2123.047	0.271
4920.000	10.000	2123.047	0.271
4930.000	10.000	2123.047	0.271
4940.000	10.000	2123.047	0.270
4950.000	10.000	2123.047	0.270
4960.000	10.000	2123.047	0.270
4970.000	10.000	2154.297	0.278
4980.000	10.000	2154.297	0.278
4990.000	10.000	2154.297	0.278
5000.000	10.000	2125.000	0.277
5010.000	10.000	2125.000	0.277
5020.000	10.000	2125.000	0.277
5030.000	10.000	2173.828	0.283
5040.000	10.000	2173.828	0.283
5050.000	10.000	2173.828	0.283
5060.000	10.000	2195.312	0.287
5070.000	10.000	2195.312	0.287
5080.000	10.000	2195.312	0.287
5090.000	10.000	2210.937	0.270
5100.000	10.000	2210.937	0.270
5110.000	10.000	2210.937	0.270
5120.000	10.000	2248.047	0.280
5130.000	10.000	2248.047	0.280
5140.000	10.000	2248.047	0.280
5150.000	10.000	2232.422	0.275
5160.000	10.000	2232.422	0.275
5170.000	10.000	2232.422	0.275
5180.000	10.000	2222.656	0.276
5190.000	10.000	2222.656	0.276
5200.000	10.000	2222.656	0.276
5210.000	10.000	2273.437	0.286
5220.000	10.000	2273.437	0.286
5230.000	10.000	2273.437	0.286
5240.000	10.000	2281.250	0.278
5250.000	10.000	2281.250	0.278
5260.000	10.000	2281.250	0.278
5270.000	10.000	2271.484	0.284
5280.000	10.000	2271.484	0.284
5290.000	10.000	2271.484	0.284
5300.000	10.000	2312.500	0.273
5310.000	10.000	2312.500	0.273
5320.000	10.000	2312.500	0.273
5330.000	10.000	2333.984	0.287
5340.000	10.000	2333.984	0.287
5350.000	10.000	2333.984	0.287
5360.000	10.000	2322.266	0.282
5370.000	10.000	2322.266	0.282
5380.000	10.000	2322.266	0.282
5390.000	10.000	2341.797	0.281
5400.000	10.000	2341.797	0.281
5410.000	10.000	2341.797	0.281
5420.000	10.000	2349.609	0.273
5430.000	10.000	2349.609	0.273
5440.000	10.000	2349.609	0.273
5450.000	10.000	2347.656	0.274
5460.000	10.000	2347.656	0.274
5470.000	10.000	2347.656	0.274
5480.000	10.000	2380.859	0.286
5490.000	10.000	2380.859	0.286
5500.000	10.000	2380.859	0.286
5510.000	10.000	2412.109	0.281
5520.000	10.000	2412.109	0.281
5530.000	10.000	2412.109	0.281
5540.000	10.000	2439.453	0.289
5550.000	10.000	2439.453	0.289
5560.000	10.000	2439.453	0.289
5570.000	10.000	2443.359	0.294
5580.000	10.000	2443.359	0.294
5590.000	10.000	2443.359	0.294
5600.000	10.000	2425.781	0.282
5610.000	10.000	2425.781	0.282
5620.000	10.000	2425.781	0.282
5630.000	10.000	2447.266	0.278
5640.000	10.000	2447.266	0.278
5650.000	10.000	2447.266	0.278
5660.000	10.000	2416.016	0.255
5670.000	10.000	2416.016	0.255
5680.000	10.000	2416.016	0.255
5690.000	10.000	2486.328	0.273
5700.000	10.000	2486.328	0.273
5710.000	10.000	2486.328	0.273
5720.000	10.000	2476.562	0.275
5730.000	10.000	2476.562	0.275
5740.000	10.000	2476.562	0.275
5750.000	10.000	2533.203	0.282
5760.000	10.000	2533.203	0.282
5770.000	10.000	2533.203	0.282
5780.000	10.000	2509.766	0.278
5790.000	10.000	2509.766	0.278
5800.000	10.000	2509.766	0.278
5810.000	10.000	2525.391	0.281
5820.000	10.000	2525.391	0.281
5830.000	10.000	2525.391	0.281
5840.000	10.000	2544.922	0.278
5850.000	10.000	2544.922	0.278
5860.000	10.000	2544.922	0.278
5870.000	10.000	2568.359	0.277
5880.000	10.000	2568.359	0.277
5890.000	10.000	2568.359	0.277
5900.000	10.000	2601.562	0.271
5910.000	10.000	2601.562	0.271
5920.000	10.000	2601.562	0.271
5930.000	10.000	2583.984	0.278
5940.000	10.000	2583.984	0.278
5950.000	10.000	2583.984	0.278
5960.000	10.000	2593.750	0.246
5970.000	10.000	2593.750	0.246
5980.000	10.000	2593.750	0.246
5990.000	10.000	2599.609	0.273
6000.000	10.000	2599.609	0.273
6010.000	10.000	2599.609	0.273
6020.000	10.000	2605.469	0.264
6030.000	10.000	2605.469	0.264
6040.000	10.000	2605.469	0.264
6050.000	10.000	2638.672	0.279
6060.000	10.000	2638.672	0.279
6070.000	10.000	2638.672	0.279
6080.000	10.000	2650.391	0.278
6090.000	10.000	2650.391	0.278
6100.000	10.000	2650.391	0.278
6110.000	10.000	2640.625	0.141
6120.000	10.000	2640.625	0.141
6130.000	10.000	2640.625	0.141
6140.000	10.000	2601.562	0.034
6150.000	10.000	2601.562	0.034
6160.000	10.000	2601.562	0.034
6170.000	10.000	2601.562	0.015
6180.000	10.000	2601.562	0.015
6190.000	10.000	2601.562	0.015
6200.000	10.000	2634.766	-0.008
6210.000	10.000	2634.766	-0.008
6220.000	10.000	2634.766	-0.008
6230.000	10.000	2580.078	-0.012
6240.000	10.000	2580.078	-0.012
6250.000	10.000	2580.078	-0.012
6260.000	10.000	2585.937	-0.017
6270.000	10.000	2585.937	-0.017
6280.000	10.000	2585.937	-0.017
6290.000	10.000	2568.359	-0.005
6300.000	10.000	2568.359	-0.005
6310.000	10.000	2568.359	-0.005
6320.000	10.000	2568.359	-0.018
6330.000	10.000	2568.359	-0.018
6340.000	10.000	2568.359	-0.018
6350.000	10.000	2564.453	-0.021
6360.000	10.000	2564.453	-0.021
6370.000	10.000	2564.453	-0.021
6380.000	10.000	2523.437	-0.021
6390.000	10.000	2523.437	-0.021
6400.000	10.000	2523.437	-0.021
6410.000	10.000	2531.250	0.001
6420.000	10.000	2531.250	0.001
6430.000	10.000	2531.250	0.001
6440.000	10.000	2507.812	-0.014
6450.000	10.000	2507.812	-0.014
6460.000	10.000	2507.812	-0.014
6470.000	10.000	2490.234	-0.014
6480.000	10.000	2490.234	-0.014
6490.000	10.000	2490.234	-0.014
6500.000	10.000	2478.516	-0.012
6510.000	10.000	2478.516	-0.012
6520.000	10.000	2478.516	-0.012
6530.000	10.000	2474.609	-0.004
6540.000	10.000	2474.609	-0.004
6550.000	10.000	2474.609	-0.004
6560.000	10.000	2455.078	-0.011
6570.000	10.000	2455.078	-0.011
6580.000	10.000	2455.078	-0.011
6590.000	10.000	2439.453	0.006
6600.000	10.000	2439.453	0.006
6610.000	10.000	2439.453	0.006
6620.000	10.000	2453.125	-0.009
6630.000	10.000	2453.125	-0.009
6640.000	10.000	2453.125	-0.009
6650.000	10.000	2414.062	-0.015
6660.000	10.000	2414.062	-0.015
6670.000	10.000	2414.062	-0.015
6680.000	10.000	2414.062	-0.017
6690.000	10.000	2414.062	-0.017
6700.000	10.000	2414.062	-0.017
6710.000	10.000	2390.625	-0.015
6720.000	10.000	2390.625	-0.015
6730.000	10.000	2390.625	-0.015
6740.000	10.000	2384.766	-0.009
6750.000	10.000	2384.766	-0.009
6760.000	10.000	2384.766	-0.009
6770.000	10.000	2347.656	-0.012
6780.000	10.000	2347.656	-0.012
6790.000	10.000	2347.656	-0.012
6800.000	10.000	2359.375	-0.010
6810.000	10.000	2359.375	-0.010
6820.000	10.000	2359.375	-0.010
6830.000	10.000	2351.562	-0.041
6840.000	10.000	2351.562	-0.041
6850.000	10.000	2351.562	-0.041
6860.000	10.000	2328.125	-0.026
6870.000	10.000	2328.125	-0.026
6880.000	10.000	2328.125	-0.026
6890.000	10.000	2347.656	-0.015
6900.000	10.000	2347.656	-0.015
6910.000	10.000	2347.656	-0.015
6920.000	10.000	2302.734	-0.013
6930.000	10.000	2302.734	-0.013
6940.000	10.000	2302.734	-0.013
6950.000	10.000	2287.109	-0.010
6960.000	10.000	2287.109	-0.010
6970.000	10.000	2287.109	-0.010
6980.000	10.000	2275.391	-0.013
6990.000	10.000	2275.391	-0.013
7000.000	10.000	2275.391	-0.013
7010.000	10.000	2265.625	-0.012
7020.000	10.000	2265.625	-0.012
