%Time [ms]	Commanded Torque [mNm]	Angular Velocity [RPM]	Actual Current [Amp]	%10/7/20259:45 AM
0.000	0.000	0.000	0.000
20.000	8.000	-37.109	-0.017
30.000	8.000	-5.859	-0.005
40.000	8.000	-5.859	-0.005
50.000	8.000	-5.859	-0.005
60.000	8.000	-3.906	-0.016
70.000	8.000	-3.906	-0.016
80.000	8.000	-3.906	-0.016
90.000	8.000	1.953	-0.012
100.000	8.000	1.953	-0.012
110.000	8.000	1.953	-0.012
120.000	8.000	1.953	-0.017
130.000	8.000	1.953	-0.017
140.000	8.000	1.953	-0.017
150.000	8.000	-5.859	-0.012
160.000	8.000	-5.859	-0.012
170.000	8.000	-5.859	-0.012
180.000	8.000	-7.812	0.007
190.000	8.000	-7.812	0.007
200.000	8.000	-7.812	0.007
210.000	8.000	-7.812	-0.021
220.000	8.000	-7.812	-0.021
230.000	8.000	-7.812	-0.021
240.000	8.000	-5.859	-0.011
250.000	8.000	-5.859	-0.011
260.000	8.000	-5.859	-0.011
270.000	8.000	1.953	-0.020
280.000	8.000	1.953	-0.020
290.000	8.000	1.953	-0.020
300.000	8.000	-3.906	-0.021
310.000	8.000	-3.906	-0.021
320.000	8.000	-3.906	-0.021
330.000	8.000	-25.391	-0.018
340.000	8.000	-25.391	-0.018
350.000	8.000	-25.391	-0.018
360.000	8.000	1.953	-0.013
370.000	8.000	1.953	-0.013
380.000	8.000	1.953	-0.013
390.000	8.000	-7.812	0.011
400.000	8.000	-7.812	0.011
410.000	8.000	-7.812	0.011
420.000	8.000	-13.672	-0.036
430.000	8.000	-13.672	-0.036
440.000	8.000	-13.672	-0.036
450.000	8.000	0.000	-0.017
460.000	8.000	0.000	-0.017
470.000	8.000	0.000	-0.017
480.000	8.000	9.766	-0.011
490.000	8.000	9.766	-0.011
500.000	8.000	9.766	-0.011
510.000	8.000	-7.812	-0.016
520.000	8.000	-7.812	-0.016
530.000	8.000	-7.812	-0.016
540.000	8.000	-13.672	-0.005
550.000	8.000	-13.672	-0.005
560.000	8.000	-13.672	-0.005
570.000	8.000	3.906	-0.010
580.000	8.000	3.906	-0.010
590.000	8.000	3.906	-0.010
600.000	8.000	3.906	-0.020
610.000	8.000	3.906	-0.020
620.000	8.000	3.906	-0.020
630.000	8.000	-39.062	-0.018
640.000	8.000	-39.062	-0.018
650.000	8.000	-39.062	-0.018
660.000	8.000	0.000	-0.010
670.000	8.000	0.000	-0.010
680.000	8.000	0.000	-0.010
690.000	8.000	0.000	-0.015
700.000	8.000	0.000	-0.015
710.000	8.000	0.000	-0.015
720.000	8.000	-1.953	-0.011
730.000	8.000	-1.953	-0.011
740.000	8.000	-1.953	-0.011
750.000	8.000	-11.719	-0.010
760.000	8.000	-11.719	-0.010
770.000	8.000	-11.719	-0.010
780.000	8.000	1.953	-0.036
790.000	8.000	1.953	-0.036
800.000	8.000	1.953	-0.036
810.000	8.000	0.000	-0.007
820.000	8.000	0.000	-0.007
830.000	8.000	0.000	-0.007
840.000	8.000	-1.953	-0.022
850.000	8.000	-1.953	-0.022
860.000	8.000	-1.953	-0.022
870.000	8.000	-7.812	-0.006
880.000	8.000	-7.812	-0.006
890.000	8.000	-7.812	-0.006
900.000	8.000	-27.344	-0.012
910.000	8.000	-27.344	-0.012
920.000	8.000	-27.344	-0.012
930.000	8.000	13.672	-0.023
940.000	8.000	13.672	-0.023
950.000	8.000	13.672	-0.023
960.000	8.000	-19.531	0.006
970.000	8.000	-19.531	0.006
980.000	8.000	-19.531	0.006
990.000	8.000	-13.672	-0.014
1000.000	8.000	-13.672	-0.014
1010.000	8.000	-13.672	-0.014
1020.000	8.000	-1.953	-0.029
1030.000	8.000	-1.953	-0.029
1040.000	8.000	-1.953	-0.029
1050.000	8.000	-7.812	-0.003
1060.000	8.000	-7.812	-0.003
1070.000	8.000	-7.812	-0.003
1080.000	8.000	0.000	-0.014
1090.000	8.000	0.000	-0.014
1100.000	8.000	0.000	-0.014
1110.000	8.000	-1.953	0.084
1120.000	8.000	-1.953	0.084
1130.000	8.000	-1.953	0.084
1140.000	8.000	-13.672	0.188
1150.000	8.000	-13.672	0.188
1160.000	8.000	-13.672	0.188
1170.000	8.000	-15.625	0.205
1180.000	8.000	-15.625	0.205
1190.000	8.000	-15.625	0.205
1200.000	8.000	33.203	0.226
1210.000	8.000	33.203	0.226
1220.000	8.000	33.203	0.226
1230.000	8.000	64.453	0.216
1240.000	8.000	64.453	0.216
1250.000	8.000	64.453	0.216
1260.000	8.000	35.156	0.220
1270.000	8.000	35.156	0.220
1280.000	8.000	35.156	0.220
1290.000	8.000	72.266	0.230
1300.000	8.000	72.266	0.230
1310.000	8.000	72.266	0.230
1320.000	8.000	107.422	0.219
1330.000	8.000	107.422	0.219
1340.000	8.000	107.422	0.219
1350.000	8.000	103.516	0.206
1360.000	8.000	103.516	0.206
1370.000	8.000	103.516	0.206
1380.000	8.000	152.344	0.196
1390.000	8.000	152.344	0.196
1400.000	8.000	152.344	0.196
1410.000	8.000	128.906	0.236
1420.000	8.000	128.906	0.236
1430.000	8.000	128.906	0.236
1440.000	8.000	158.203	0.225
1450.000	8.000	158.203	0.225
1460.000	8.000	158.203	0.225
1470.000	8.000	169.922	0.225
1480.000	8.000	169.922	0.225
1490.000	8.000	169.922	0.225
1500.000	8.000	189.453	0.235
1510.000	8.000	189.453	0.235
1520.000	8.000	189.453	0.235
1530.000	8.000	191.406	0.212
1540.000	8.000	191.406	0.212
1550.000	8.000	191.406	0.212
1560.000	8.000	183.594	0.228
1570.000	8.000	183.594	0.228
1580.000	8.000	183.594	0.228
1590.000	8.000	216.797	0.243
1600.000	8.000	216.797	0.243
1610.000	8.000	216.797	0.243
1620.000	8.000	228.516	0.227
1630.000	8.000	228.516	0.227
1640.000	8.000	228.516	0.227
1650.000	8.000	193.359	0.228
1660.000	8.000	193.359	0.228
1670.000	8.000	193.359	0.228
1680.000	8.000	263.672	0.229
1690.000	8.000	263.672	0.229
1700.000	8.000	263.672	0.229
1710.000	8.000	289.062	0.229
1720.000	8.000	289.062	0.229
1730.000	8.000	289.062	0.229
1740.000	8.000	308.594	0.201
1750.000	8.000	308.594	0.201
1760.000	8.000	308.594	0.201
1770.000	8.000	310.547	0.222
1780.000	8.000	310.547	0.222
1790.000	8.000	310.547	0.222
1800.000	8.000	322.266	0.220
1810.000	8.000	322.266	0.220
1820.000	8.000	322.266	0.220
1830.000	8.000	341.797	0.224
1840.000	8.000	341.797	0.224
1850.000	8.000	341.797	0.224
1860.000	8.000	314.453	0.208
1870.000	8.000	314.453	0.208
1880.000	8.000	314.453	0.208
1890.000	8.000	363.281	0.226
1900.000	8.000	363.281	0.226
1910.000	8.000	363.281	0.226
1920.000	8.000	378.906	0.218
1930.000	8.000	378.906	0.218
1940.000	8.000	378.906	0.218
1950.000	8.000	392.578	0.219
1960.000	8.000	392.578	0.219
1970.000	8.000	392.578	0.219
1980.000	8.000	376.953	0.226
1990.000	8.000	376.953	0.226
2000.000	8.000	376.953	0.226
2010.000	8.000	414.062	0.223
2020.000	8.000	414.062	0.223
2030.000	8.000	414.062	0.223
2040.000	8.000	443.359	0.222
2050.000	8.000	443.359	0.222
2060.000	8.000	443.359	0.222
2070.000	8.000	443.359	0.223
2080.000	8.000	443.359	0.223
2090.000	8.000	443.359	0.223
2100.000	8.000	474.609	0.235
2110.000	8.000	474.609	0.235
2120.000	8.000	474.609	0.235
2130.000	8.000	474.609	0.225
2140.000	8.000	474.609	0.225
2150.000	8.000	474.609	0.225
2160.000	8.000	486.328	0.229
2170.000	8.000	486.328	0.229
2180.000	8.000	486.328	0.229
2190.000	8.000	500.000	0.222
2200.000	8.000	500.000	0.222
2210.000	8.000	500.000	0.222
2220.000	8.000	501.953	0.229
2230.000	8.000	501.953	0.229
2240.000	8.000	501.953	0.229
2250.000	8.000	523.437	0.221
2260.000	8.000	523.437	0.221
2270.000	8.000	523.437	0.221
2280.000	8.000	552.734	0.227
2290.000	8.000	552.734	0.227
2300.000	8.000	552.734	0.227
2310.000	8.000	560.547	0.244
2320.000	8.000	560.547	0.244
2330.000	8.000	560.547	0.244
2340.000	8.000	546.875	0.218
2350.000	8.000	546.875	0.218
2360.000	8.000	546.875	0.218
2370.000	8.000	587.891	0.221
2380.000	8.000	587.891	0.221
2390.000	8.000	587.891	0.221
2400.000	8.000	589.844	0.206
2410.000	8.000	589.844	0.206
2420.000	8.000	589.844	0.206
2430.000	8.000	625.000	0.226
2440.000	8.000	625.000	0.226
2450.000	8.000	625.000	0.226
2460.000	8.000	658.203	0.227
2470.000	8.000	658.203	0.227
2480.000	8.000	658.203	0.227
2490.000	8.000	632.812	0.227
2500.000	8.000	632.812	0.227
2510.000	8.000	632.812	0.227
2520.000	8.000	642.578	0.219
2530.000	8.000	642.578	0.219
2540.000	8.000	642.578	0.219
2550.000	8.000	654.297	0.236
2560.000	8.000	654.297	0.236
2570.000	8.000	654.297	0.236
2580.000	8.000	679.687	0.229
2590.000	8.000	679.687	0.229
2600.000	8.000	679.687	0.229
2610.000	8.000	681.641	0.225
2620.000	8.000	681.641	0.225
2630.000	8.000	681.641	0.225
2640.000	8.000	693.359	0.219
2650.000	8.000	693.359	0.219
2660.000	8.000	693.359	0.219
2670.000	8.000	732.422	0.230
2680.000	8.000	732.422	0.230
2690.000	8.000	732.422	0.230
2700.000	8.000	736.328	0.227
2710.000	8.000	736.328	0.227
2720.000	8.000	736.328	0.227
2730.000	8.000	728.516	0.222
2740.000	8.000	728.516	0.222
2750.000	8.000	728.516	0.222
2760.000	8.000	734.375	0.227
2770.000	8.000	734.375	0.227
2780.000	8.000	734.375	0.227
2790.000	8.000	759.766	0.235
2800.000	8.000	759.766	0.235
2810.000	8.000	759.766	0.235
2820.000	8.000	771.484	0.222
2830.000	8.000	771.484	0.222
2840.000	8.000	771.484	0.222
2850.000	8.000	779.297	0.221
2860.000	8.000	779.297	0.221
2870.000	8.000	779.297	0.221
2880.000	8.000	757.812	0.236
2890.000	8.000	757.812	0.236
2900.000	8.000	757.812	0.236
2910.000	8.000	808.594	0.225
2920.000	8.000	808.594	0.225
2930.000	8.000	808.594	0.225
2940.000	8.000	785.156	0.209
2950.000	8.000	785.156	0.209
2960.000	8.000	785.156	0.209
2970.000	8.000	826.172	0.225
2980.000	8.000	826.172	0.225
2990.000	8.000	826.172	0.225
3000.000	8.000	845.703	0.236
3010.000	8.000	845.703	0.236
3020.000	8.000	845.703	0.236
3030.000	8.000	863.281	0.244
3040.000	8.000	863.281	0.244
3050.000	8.000	863.281	0.244
3060.000	8.000	892.578	0.221
3070.000	8.000	892.578	0.221
3080.000	8.000	892.578	0.221
3090.000	8.000	878.906	0.224
3100.000	8.000	878.906	0.224
3110.000	8.000	878.906	0.224
3120.000	8.000	886.719	0.221
3130.000	8.000	886.719	0.221
3140.000	8.000	886.719	0.221
3150.000	8.000	914.062	0.242
3160.000	8.000	914.062	0.242
3170.000	8.000	914.062	0.242
3180.000	8.000	873.047	0.224
3190.000	8.000	873.047	0.224
3200.000	8.000	873.047	0.224
3210.000	8.000	923.828	0.228
3220.000	8.000	923.828	0.228
3230.000	8.000	923.828	0.228
3240.000	8.000	945.312	0.229
3250.000	8.000	945.312	0.229
3260.000	8.000	945.312	0.229
3270.000	8.000	951.172	0.229
3280.000	8.000	951.172	0.229
3290.000	8.000	951.172	0.229
3300.000	8.000	966.797	0.224
3310.000	8.000	966.797	0.224
3320.000	8.000	966.797	0.224
3330.000	8.000	968.750	0.215
3340.000	8.000	968.750	0.215
3350.000	8.000	968.750	0.215
3360.000	8.000	1003.906	0.216
3370.000	8.000	1003.906	0.216
3380.000	8.000	1003.906	0.216
3390.000	8.000	1011.719	0.240
3400.000	8.000	1011.719	0.240
3410.000	8.000	1011.719	0.240
3420.000	8.000	1005.859	0.229
3430.000	8.000	1005.859	0.229
3440.000	8.000	1005.859	0.229
3450.000	8.000	1009.766	0.218
3460.000	8.000	1009.766	0.218
3470.000	8.000	1009.766	0.218
3480.000	8.000	1039.062	0.227
3490.000	8.000	1039.062	0.227
3500.000	8.000	1039.062	0.227
3510.000	8.000	1041.016	0.229
3520.000	8.000	1041.016	0.229
3530.000	8.000	1041.016	0.229
3540.000	8.000	1041.016	0.225
3550.000	8.000	1041.016	0.225
3560.000	8.000	1041.016	0.225
3570.000	8.000	1076.172	0.230
3580.000	8.000	1076.172	0.230
3590.000	8.000	1076.172	0.230
3600.000	8.000	1080.078	0.240
3610.000	8.000	1080.078	0.240
3620.000	8.000	1080.078	0.240
3630.000	8.000	1095.703	0.221
3640.000	8.000	1095.703	0.221
3650.000	8.000	1095.703	0.221
3660.000	8.000	1099.609	0.217
3670.000	8.000	1099.609	0.217
3680.000	8.000	1099.609	0.217
3690.000	8.000	1103.516	0.227
3700.000	8.000	1103.516	0.227
3710.000	8.000	1103.516	0.227
3720.000	8.000	1144.531	0.234
3730.000	8.000	1144.531	0.234
3740.000	8.000	1144.531	0.234
3750.000	8.000	1169.922	0.222
3760.000	8.000	1169.922	0.222
3770.000	8.000	1169.922	0.222
3780.000	8.000	1150.391	0.222
3790.000	8.000	1150.391	0.222
3800.000	8.000	1150.391	0.222
3810.000	8.000	1164.062	0.228
3820.000	8.000	1164.062	0.228
3830.000	8.000	1164.062	0.228
3840.000	8.000	1160.156	0.223
3850.000	8.000	1160.156	0.223
3860.000	8.000	1160.156	0.223
3870.000	8.000	1201.172	0.236
3880.000	8.000	1201.172	0.236
3890.000	8.000	1201.172	0.236
3900.000	8.000	1195.312	0.237
3910.000	8.000	1195.312	0.237
3920.000	8.000	1195.312	0.237
3930.000	8.000	1205.078	0.228
3940.000	8.000	1205.078	0.228
3950.000	8.000	1205.078	0.228
3960.000	8.000	1250.000	0.230
3970.000	8.000	1250.000	0.230
3980.000	8.000	1250.000	0.230
3990.000	8.000	1230.469	0.228
4000.000	8.000	1230.469	0.228
4010.000	8.000	1230.469	0.228
4020.000	8.000	1232.422	0.226
4030.000	8.000	1232.422	0.226
4040.000	8.000	1232.422	0.226
4050.000	8.000	1253.906	0.225
4060.000	8.000	1253.906	0.225
4070.000	8.000	1253.906	0.225
4080.000	8.000	1271.484	0.225
4090.000	8.000	1271.484	0.225
4100.000	8.000	1271.484	0.225
4110.000	8.000	1271.484	0.216
4120.000	8.000	1271.484	0.216
4130.000	8.000	1271.484	0.216
4140.000	8.000	1275.391	0.233
4150.000	8.000	1275.391	0.233
4160.000	8.000	1275.391	0.233
4170.000	8.000	1277.344	0.235
4180.000	8.000	1277.344	0.235
4190.000	8.000	1277.344	0.235
4200.000	8.000	1304.687	0.222
4210.000	8.000	1304.687	0.222
4220.000	8.000	1304.687	0.222
4230.000	8.000	1304.687	0.217
4240.000	8.000	1304.687	0.217
4250.000	8.000	1304.687	0.217
4260.000	8.000	1316.406	0.224
4270.000	8.000	1316.406	0.224
4280.000	8.000	1316.406	0.224
4290.000	8.000	1326.172	0.225
4300.000	8.000	1326.172	0.225
4310.000	8.000	1326.172	0.225
4320.000	8.000	1320.312	0.226
4330.000	8.000	1320.312	0.226
4340.000	8.000	1320.312	0.226
4350.000	8.000	1332.031	0.239
4360.000	8.000	1332.031	0.239
4370.000	8.000	1332.031	0.239
4380.000	8.000	1375.000	0.224
4390.000	8.000	1375.000	0.224
4400.000	8.000	1375.000	0.224
4410.000	8.000	1398.437	0.223
4420.000	8.000	1398.437	0.223
4430.000	8.000	1398.437	0.223
4440.000	8.000	1386.719	0.228
4450.000	8.000	1386.719	0.228
4460.000	8.000	1386.719	0.228
4470.000	8.000	1390.625	0.220
4480.000	8.000	1390.625	0.220
4490.000	8.000	1390.625	0.220
4500.000	8.000	1404.297	0.213
4510.000	8.000	1404.297	0.213
4520.000	8.000	1404.297	0.213
4530.000	8.000	1394.531	0.218
4540.000	8.000	1394.531	0.218
4550.000	8.000	1394.531	0.218
4560.000	8.000	1423.828	0.224
4570.000	8.000	1423.828	0.224
4580.000	8.000	1423.828	0.224
4590.000	8.000	1449.219	0.221
4600.000	8.000	1449.219	0.221
4610.000	8.000	1449.219	0.221
4620.000	8.000	1455.078	0.201
4630.000	8.000	1455.078	0.201
4640.000	8.000	1455.078	0.201
4650.000	8.000	1476.562	0.222
4660.000	8.000	1476.562	0.222
4670.000	8.000	1476.562	0.222
4680.000	8.000	1488.281	0.225
4690.000	8.000	1488.281	0.225
4700.000	8.000	1488.281	0.225
4710.000	8.000	1468.750	0.228
4720.000	8.000	1468.750	0.228
4730.000	8.000	1468.750	0.228
4740.000	8.000	1500.000	0.223
4750.000	8.000	1500.000	0.223
4760.000	8.000	1500.000	0.223
4770.000	8.000	1517.578	0.234
4780.000	8.000	1517.578	0.234
4790.000	8.000	1517.578	0.234
4800.000	8.000	1527.344	0.221
4810.000	8.000	1527.344	0.221
4820.000	8.000	1527.344	0.221
4830.000	8.000	1529.297	0.242
4840.000	8.000	1529.297	0.242
4850.000	8.000	1529.297	0.242
4860.000	8.000	1537.109	0.215
4870.000	8.000	1537.109	0.215
4880.000	8.000	1537.109	0.215
4890.000	8.000	1542.969	0.227
4900.000	8.000	1542.969	0.227
4910.000	8.000	1542.969	0.227
4920.000	8.000	1556.641	0.232
4930.000	8.000	1556.641	0.232
4940.000	8.000	1556.641	0.232
4950.000	8.000	1570.312	0.222
4960.000	8.000	1570.312	0.222
4970.000	8.000	1570.312	0.222
4980.000	8.000	1578.125	0.233
4990.000	8.000	1578.125	0.233
5000.000	8.000	1578.125	0.233
5010.000	8.000	1599.609	0.221
5020.000	8.000	1599.609	0.221
5030.000	8.000	1599.609	0.221
5040.000	8.000	1605.469	0.220
5050.000	8.000	1605.469	0.220
5060.000	8.000	1605.469	0.220
5070.000	8.000	1595.703	0.196
5080.000	8.000	1595.703	0.196
5090.000	8.000	1595.703	0.196
5100.000	8.000	1626.953	0.217
5110.000	8.000	1626.953	0.217
5120.000	8.000	1626.953	0.217
5130.000	8.000	1634.766	0.222
5140.000	8.000	1634.766	0.222
5150.000	8.000	1634.766	0.222
5160.000	8.000	1626.953	0.193
5170.000	8.000	1626.953	0.193
5180.000	8.000	1626.953	0.193
5190.000	8.000	1628.906	0.223
5200.000	8.000	1628.906	0.223
5210.000	8.000	1628.906	0.223
5220.000	8.000	1660.156	0.187
5230.000	8.000	1660.156	0.187
5240.000	8.000	1660.156	0.187
5250.000	8.000	1648.437	0.221
5260.000	8.000	1648.437	0.221
5270.000	8.000	1648.437	0.221
5280.000	8.000	1667.969	0.234
5290.000	8.000	1667.969	0.234
5300.000	8.000	1667.969	0.234
5310.000	8.000	1695.312	0.238
5320.000	8.000	1695.312	0.238
5330.000	8.000	1695.312	0.238
5340.000	8.000	1701.172	0.207
5350.000	8.000	1701.172	0.207
5360.000	8.000	1701.172	0.207
5370.000	8.000	1701.172	0.216
5380.000	8.000	1701.172	0.216
5390.000	8.000	1701.172	0.216
5400.000	8.000	1708.984	0.223
5410.000	8.000	1708.984	0.223
5420.000	8.000	1708.984	0.223
5430.000	8.000	1742.187	0.205
5440.000	8.000	1742.187	0.205
5450.000	8.000	1742.187	0.205
5460.000	8.000	1755.859	0.229
5470.000	8.000	1755.859	0.229
5480.000	8.000	1755.859	0.229
5490.000	8.000	1746.094	0.230
5500.000	8.000	1746.094	0.230
5510.000	8.000	1746.094	0.230
5520.000	8.000	1732.422	0.229
5530.000	8.000	1732.422	0.229
5540.000	8.000	1732.422	0.229
5550.000	8.000	1720.703	0.225
5560.000	8.000	1720.703	0.225
5570.000	8.000	1720.703	0.225
5580.000	8.000	1802.734	0.218
5590.000	8.000	1802.734	0.218
5600.000	8.000	1802.734	0.218
5610.000	8.000	1779.297	0.208
5620.000	8.000	1779.297	0.208
5630.000	8.000	1779.297	0.208
5640.000	8.000	1816.406	0.199
5650.000	8.000	1816.406	0.199
5660.000	8.000	1816.406	0.199
5670.000	8.000	1818.359	0.223
5680.000	8.000	1818.359	0.223
5690.000	8.000	1818.359	0.223
5700.000	8.000	1806.641	0.242
5710.000	8.000	1806.641	0.242
5720.000	8.000	1806.641	0.242
5730.000	8.000	1818.359	0.212
5740.000	8.000	1818.359	0.212
5750.000	8.000	1818.359	0.212
5760.000	8.000	1845.703	0.226
5770.000	8.000	1845.703	0.226
5780.000	8.000	1845.703	0.226
5790.000	8.000	1828.125	0.235
5800.000	8.000	1828.125	0.235
5810.000	8.000	1828.125	0.235
5820.000	8.000	1853.516	0.225
5830.000	8.000	1853.516	0.225
5840.000	8.000	1853.516	0.225
5850.000	8.000	1853.516	0.226
5860.000	8.000	1853.516	0.226
5870.000	8.000	1853.516	0.226
5880.000	8.000	1882.812	0.231
5890.000	8.000	1882.812	0.231
5900.000	8.000	1882.812	0.231
5910.000	8.000	1867.187	0.214
5920.000	8.000	1867.187	0.214
5930.000	8.000	1867.187	0.214
5940.000	8.000	1892.578	0.221
5950.000	8.000	1892.578	0.221
5960.000	8.000	1892.578	0.221
5970.000	8.000	1908.203	0.226
5980.000	8.000	1908.203	0.226
5990.000	8.000	1908.203	0.226
6000.000	8.000	1906.250	0.223
6010.000	8.000	1906.250	0.223
6020.000	8.000	1906.250	0.223
6030.000	8.000	1904.297	0.226
6040.000	8.000	1904.297	0.226
6050.000	8.000	1904.297	0.226
6060.000	8.000	1937.500	0.219
6070.000	8.000	1937.500	0.219
6080.000	8.000	1937.500	0.219
6090.000	8.000	1939.453	0.218
6100.000	8.000	1939.453	0.218
6110.000	8.000	1939.453	0.218
6120.000	8.000	1943.359	0.094
6130.000	8.000	1943.359	0.094
6140.000	8.000	1943.359	0.094
6150.000	8.000	1962.891	0.032
6160.000	8.000	1962.891	0.032
6170.000	8.000	1962.891	0.032
6180.000	8.000	1923.828	-0.005
6190.000	8.000	1923.828	-0.005
6200.000	8.000	1923.828	-0.005
6210.000	8.000	1916.016	-0.032
6220.000	8.000	1916.016	-0.032
6230.000	8.000	1916.016	-0.032
6240.000	8.000	1912.109	-0.003
6250.000	8.000	1912.109	-0.003
6260.000	8.000	1912.109	-0.003
6270.000	8.000	1892.578	-0.008
6280.000	8.000	1892.578	-0.008
6290.000	8.000	1892.578	-0.008
6300.000	8.000	1839.844	-0.018
6310.000	8.000	1839.844	-0.018
6320.000	8.000	1839.844	-0.018
6330.000	8.000	1837.891	-0.019
6340.000	8.000	1837.891	-0.019
6350.000	8.000	1837.891	-0.019
6360.000	8.000	1873.047	-0.008
6370.000	8.000	1873.047	-0.008
6380.000	8.000	1873.047	-0.008
6390.000	8.000	1835.937	-0.011
6400.000	8.000	1835.937	-0.011
6410.000	8.000	1835.937	-0.011
6420.000	8.000	1855.469	-0.005
6430.000	8.000	1855.469	-0.005
6440.000	8.000	1855.469	-0.005
6450.000	8.000	1822.266	-0.017
6460.000	8.000	1822.266	-0.017
6470.000	8.000	1822.266	-0.017
6480.000	8.000	1820.312	-0.022
6490.000	8.000	1820.312	-0.022
6500.000	8.000	1820.312	-0.022
6510.000	8.000	1792.969	-0.036
6520.000	8.000	1792.969	-0.036
6530.000	8.000	1792.969	-0.036
6540.000	8.000	1767.578	-0.014
6550.000	8.000	1767.578	-0.014
6560.000	8.000	1767.578	-0.014
6570.000	8.000	1794.922	-0.013
6580.000	8.000	1794.922	-0.013
6590.000	8.000	1794.922	-0.013
6600.000	8.000	1777.344	-0.009
6610.000	8.000	1777.344	-0.009
6620.000	8.000	1777.344	-0.009
6630.000	8.000	1734.375	-0.019
6640.000	8.000	1734.375	-0.019
6650.000	8.000	1734.375	-0.019
6660.000	8.000	1724.609	-0.018
6670.000	8.000	1724.609	-0.018
6680.000	8.000	1724.609	-0.018
6690.000	8.000	1736.328	-0.009
6700.000	8.000	1736.328	-0.009
6710.000	8.000	1736.328	-0.009
6720.000	8.000	1736.328	-0.021
6730.000	8.000	1736.328	-0.021
6740.000	8.000	1736.328	-0.021
6750.000	8.000	1675.781	-0.012
6760.000	8.000	1675.781	-0.012
6770.000	8.000	1675.781	-0.012
6780.000	8.000	1685.547	-0.008
6790.000	8.000	1685.547	-0.008
6800.000	8.000	1685.547	-0.008
6810.000	8.000	1695.312	-0.013
6820.000	8.000	1695.312	-0.013
6830.000	8.000	1695.312	-0.013
6840.000	8.000	1677.734	-0.012
6850.000	8.000	1677.734	-0.012
6860.000	8.000	1677.734	-0.012
6870.000	8.000	1654.297	-0.004
6880.000	8.000	1654.297	-0.004
6890.000	8.000	1654.297	-0.004
6900.000	8.000	1650.391	-0.021
6910.000	8.000	1650.391	-0.021
6920.000	8.000	1650.391	-0.021
6930.000	8.000	1642.578	-0.013
6940.000	8.000	1642.578	-0.013
6950.000	8.000	1642.578	-0.013
6960.000	8.000	1589.844	-0.003
6970.000	8.000	1589.844	-0.003
6980.000	8.000	1589.844	-0.003
6990.000	8.000	1619.141	-0.018
7000.000	8.000	1619.141	-0.018
7010.000	8.000	1619.141	-0.018
7020.000	8.000	1601.562	0.001
