%Time [ms]	Commanded Torque [mNm]	Angular Velocity [RPM]	Actual Current [Amp]	%10/7/20259:43 AM
0.000	0.000	0.000	0.000
20.000	15.000	5.859	-0.022
30.000	15.000	5.859	-0.022
40.000	15.000	5.859	-0.022
50.000	15.000	-3.906	-0.012
60.000	15.000	-3.906	-0.012
70.000	15.000	-3.906	-0.012
80.000	15.000	-5.859	-0.012
90.000	15.000	-5.859	-0.012
100.000	15.000	-5.859	-0.012
110.000	15.000	-5.859	-0.016
120.000	15.000	-5.859	-0.016
130.000	15.000	-5.859	-0.016
140.000	15.000	0.000	-0.019
150.000	15.000	0.000	-0.019
160.000	15.000	0.000	-0.019
170.000	15.000	1.953	-0.013
180.000	15.000	1.953	-0.013
190.000	15.000	1.953	-0.013
200.000	15.000	-7.812	-0.017
210.000	15.000	-7.812	-0.017
220.000	15.000	-7.812	-0.017
230.000	15.000	7.812	-0.003
240.000	15.000	7.812	-0.003
250.000	15.000	7.812	-0.003
260.000	15.000	7.812	-0.020
270.000	15.000	7.812	-0.020
280.000	15.000	7.812	-0.020
290.000	15.000	-11.719	-0.002
300.000	15.000	-11.719	-0.002
310.000	15.000	-11.719	-0.002
320.000	15.000	-3.906	-0.006
330.000	15.000	-3.906	-0.006
340.000	15.000	-3.906	-0.006
350.000	15.000	-1.953	-0.017
360.000	15.000	-1.953	-0.017
370.000	15.000	-1.953	-0.017
380.000	15.000	-11.719	-0.015
390.000	15.000	-11.719	-0.015
400.000	15.000	-11.719	-0.015
410.000	15.000	-9.766	-0.012
420.000	15.000	-9.766	-0.012
430.000	15.000	-9.766	-0.012
440.000	15.000	0.000	-0.016
450.000	15.000	0.000	-0.016
460.000	15.000	0.000	-0.016
470.000	15.000	7.812	-0.034
480.000	15.000	7.812	-0.034
490.000	15.000	7.812	-0.034
500.000	15.000	7.812	-0.016
510.000	15.000	7.812	-0.016
520.000	15.000	7.812	-0.016
530.000	15.000	-7.812	-0.011
540.000	15.000	-7.812	-0.011
550.000	15.000	-7.812	-0.011
560.000	15.000	-21.484	-0.015
570.000	15.000	-21.484	-0.015
580.000	15.000	-21.484	-0.015
590.000	15.000	-15.625	-0.013
600.000	15.000	-15.625	-0.013
610.000	15.000	-15.625	-0.013
620.000	15.000	3.906	-0.014
630.000	15.000	3.906	-0.014
640.000	15.000	3.906	-0.014
650.000	15.000	1.953	-0.019
660.000	15.000	1.953	-0.019
670.000	15.000	1.953	-0.019
680.000	15.000	-25.391	-0.015
690.000	15.000	-25.391	-0.015
700.000	15.000	-25.391	-0.015
710.000	15.000	-33.203	-0.016
720.000	15.000	-33.203	-0.016
730.000	15.000	-33.203	-0.016
740.000	15.000	-42.969	-0.014
750.000	15.000	-42.969	-0.014
760.000	15.000	-42.969	-0.014
770.000	15.000	0.000	-0.019
780.000	15.000	0.000	-0.019
790.000	15.000	0.000	-0.019
800.000	15.000	-33.203	-0.013
810.000	15.000	-33.203	-0.013
820.000	15.000	-33.203	-0.013
830.000	15.000	7.812	-0.012
840.000	15.000	7.812	-0.012
850.000	15.000	7.812	-0.012
860.000	15.000	29.297	-0.020
870.000	15.000	29.297	-0.020
880.000	15.000	29.297	-0.020
890.000	15.000	-23.437	-0.012
900.000	15.000	-23.437	-0.012
910.000	15.000	-23.437	-0.012
920.000	15.000	-9.766	0.002
930.000	15.000	-9.766	0.002
940.000	15.000	-9.766	0.002
950.000	15.000	7.812	-0.015
960.000	15.000	7.812	-0.015
970.000	15.000	7.812	-0.015
980.000	15.000	9.766	-0.021
990.000	15.000	9.766	-0.021
1000.000	15.000	9.766	-0.021
1010.000	15.000	-9.766	-0.012
1020.000	15.000	-9.766	-0.012
1030.000	15.000	-9.766	-0.012
1040.000	15.000	9.766	-0.018
1050.000	15.000	9.766	-0.018
1060.000	15.000	9.766	-0.018
1070.000	15.000	1.953	-0.020
1080.000	15.000	1.953	-0.020
1090.000	15.000	1.953	-0.020
1100.000	15.000	23.437	0.227
1110.000	15.000	23.437	0.227
1120.000	15.000	23.437	0.227
1130.000	15.000	9.766	0.354
1140.000	15.000	9.766	0.354
1150.000	15.000	9.766	0.354
1160.000	15.000	27.344	0.412
1170.000	15.000	27.344	0.412
1180.000	15.000	27.344	0.412
1190.000	15.000	42.969	0.395
1200.000	15.000	42.969	0.395
1210.000	15.000	42.969	0.395
1220.000	15.000	144.531	0.437
1230.000	15.000	144.531	0.437
1240.000	15.000	144.531	0.437
1250.000	15.000	156.250	0.428
1260.000	15.000	156.250	0.428
1270.000	15.000	156.250	0.428
1280.000	15.000	193.359	0.436
1290.000	15.000	193.359	0.436
1300.000	15.000	193.359	0.436
1310.000	15.000	230.469	0.435
1320.000	15.000	230.469	0.435
1330.000	15.000	230.469	0.435
1340.000	15.000	244.141	0.437
1350.000	15.000	244.141	0.437
1360.000	15.000	244.141	0.437
1370.000	15.000	292.969	0.433
1380.000	15.000	292.969	0.433
1390.000	15.000	292.969	0.433
1400.000	15.000	341.797	0.436
1410.000	15.000	341.797	0.436
1420.000	15.000	341.797	0.436
1430.000	15.000	363.281	0.460
1440.000	15.000	363.281	0.460
1450.000	15.000	363.281	0.460
1460.000	15.000	380.859	0.439
1470.000	15.000	380.859	0.439
1480.000	15.000	380.859	0.439
1490.000	15.000	431.641	0.430
1500.000	15.000	431.641	0.430
1510.000	15.000	431.641	0.430
1520.000	15.000	439.453	0.468
1530.000	15.000	439.453	0.468
1540.000	15.000	439.453	0.468
1550.000	15.000	478.516	0.446
1560.000	15.000	478.516	0.446
1570.000	15.000	478.516	0.446
1580.000	15.000	539.062	0.437
1590.000	15.000	539.062	0.437
1600.000	15.000	539.062	0.437
1610.000	15.000	587.891	0.434
1620.000	15.000	587.891	0.434
1630.000	15.000	587.891	0.434
1640.000	15.000	630.859	0.459
1650.000	15.000	630.859	0.459
1660.000	15.000	630.859	0.459
1670.000	15.000	621.094	0.440
1680.000	15.000	621.094	0.440
1690.000	15.000	621.094	0.440
1700.000	15.000	658.203	0.443
1710.000	15.000	658.203	0.443
1720.000	15.000	658.203	0.443
1730.000	15.000	699.219	0.454
1740.000	15.000	699.219	0.454
1750.000	15.000	699.219	0.454
1760.000	15.000	687.500	0.436
1770.000	15.000	687.500	0.436
1780.000	15.000	687.500	0.436
1790.000	15.000	767.578	0.434
1800.000	15.000	767.578	0.434
1810.000	15.000	767.578	0.434
1820.000	15.000	792.969	0.439
1830.000	15.000	792.969	0.439
1840.000	15.000	792.969	0.439
1850.000	15.000	816.406	0.441
1860.000	15.000	816.406	0.441
1870.000	15.000	816.406	0.441
1880.000	15.000	851.562	0.433
1890.000	15.000	851.562	0.433
1900.000	15.000	851.562	0.433
1910.000	15.000	876.953	0.455
1920.000	15.000	876.953	0.455
1930.000	15.000	876.953	0.455
1940.000	15.000	904.297	0.439
1950.000	15.000	904.297	0.439
1960.000	15.000	904.297	0.439
1970.000	15.000	970.703	0.432
1980.000	15.000	970.703	0.432
1990.000	15.000	970.703	0.432
2000.000	15.000	966.797	0.437
2010.000	15.000	966.797	0.437
2020.000	15.000	966.797	0.437
2030.000	15.000	1013.672	0.436
2040.000	15.000	1013.672	0.436
2050.000	15.000	1013.672	0.436
2060.000	15.000	1052.734	0.424
2070.000	15.000	1052.734	0.424
2080.000	15.000	1052.734	0.424
2090.000	15.000	1062.500	0.446
2100.000	15.000	1062.500	0.446
2110.000	15.000	1062.500	0.446
2120.000	15.000	1097.656	0.437
2130.000	15.000	1097.656	0.437
2140.000	15.000	1097.656	0.437
2150.000	15.000	1173.828	0.443
2160.000	15.000	1173.828	0.443
2170.000	15.000	1173.828	0.443
2180.000	15.000	1132.812	0.434
2190.000	15.000	1132.812	0.434
2200.000	15.000	1132.812	0.434
2210.000	15.000	1171.875	0.411
2220.000	15.000	1171.875	0.411
2230.000	15.000	1171.875	0.411
2240.000	15.000	1236.328	0.452
2250.000	15.000	1236.328	0.452
2260.000	15.000	1236.328	0.452
2270.000	15.000	1253.906	0.430
2280.000	15.000	1253.906	0.430
2290.000	15.000	1253.906	0.430
2300.000	15.000	1285.156	0.432
2310.000	15.000	1285.156	0.432
2320.000	15.000	1285.156	0.432
2330.000	15.000	1318.359	0.420
2340.000	15.000	1318.359	0.420
2350.000	15.000	1318.359	0.420
2360.000	15.000	1330.078	0.440
2370.000	15.000	1330.078	0.440
2380.000	15.000	1330.078	0.440
2390.000	15.000	1384.766	0.447
2400.000	15.000	1384.766	0.447
2410.000	15.000	1384.766	0.447
2420.000	15.000	1404.297	0.419
2430.000	15.000	1404.297	0.419
2440.000	15.000	1404.297	0.419
2450.000	15.000	1464.844	0.434
2460.000	15.000	1464.844	0.434
2470.000	15.000	1464.844	0.434
2480.000	15.000	1472.656	0.419
2490.000	15.000	1472.656	0.419
2500.000	15.000	1472.656	0.419
2510.000	15.000	1490.234	0.433
2520.000	15.000	1490.234	0.433
2530.000	15.000	1490.234	0.433
2540.000	15.000	1523.437	0.438
2550.000	15.000	1523.437	0.438
2560.000	15.000	1523.437	0.438
2570.000	15.000	1558.594	0.430
2580.000	15.000	1558.594	0.430
2590.000	15.000	1558.594	0.430
2600.000	15.000	1611.328	0.437
2610.000	15.000	1611.328	0.437
2620.000	15.000	1611.328	0.437
2630.000	15.000	1644.531	0.460
2640.000	15.000	1644.531	0.460
2650.000	15.000	1644.531	0.460
2660.000	15.000	1634.766	0.442
2670.000	15.000	1634.766	0.442
2680.000	15.000	1634.766	0.442
2690.000	15.000	1662.109	0.429
2700.000	15.000	1662.109	0.429
2710.000	15.000	1662.109	0.429
2720.000	15.000	1705.078	0.434
2730.000	15.000	1705.078	0.434
2740.000	15.000	1705.078	0.434
2750.000	15.000	1748.047	0.442
2760.000	15.000	1748.047	0.442
2770.000	15.000	1748.047	0.442
2780.000	15.000	1744.141	0.437
2790.000	15.000	1744.141	0.437
2800.000	15.000	1744.141	0.437
2810.000	15.000	1812.500	0.440
2820.000	15.000	1812.500	0.440
2830.000	15.000	1812.500	0.440
2840.000	15.000	1800.781	0.437
2850.000	15.000	1800.781	0.437
2860.000	15.000	1800.781	0.437
2870.000	15.000	1855.469	0.426
2880.000	15.000	1855.469	0.426
2890.000	15.000	1855.469	0.426
2900.000	15.000	1857.422	0.434
2910.000	15.000	1857.422	0.434
2920.000	15.000	1857.422	0.434
2930.000	15.000	1908.203	0.430
2940.000	15.000	1908.203	0.430
2950.000	15.000	1908.203	0.430
2960.000	15.000	1976.562	0.435
2970.000	15.000	1976.562	0.435
2980.000	15.000	1976.562	0.435
2990.000	15.000	1955.078	0.451
3000.000	15.000	1955.078	0.451
3010.000	15.000	1955.078	0.451
3020.000	15.000	1972.656	0.438
3030.000	15.000	1972.656	0.438
3040.000	15.000	1972.656	0.438
3050.000	15.000	2009.766	0.437
3060.000	15.000	2009.766	0.437
3070.000	15.000	2009.766	0.437
3080.000	15.000	2064.453	0.440
3090.000	15.000	2064.453	0.440
3100.000	15.000	2064.453	0.440
3110.000	15.000	2056.641	0.439
3120.000	15.000	2056.641	0.439
3130.000	15.000	2056.641	0.439
3140.000	15.000	2128.906	0.438
3150.000	15.000	2128.906	0.438
3160.000	15.000	2128.906	0.438
3170.000	15.000	2130.859	0.399
3180.000	15.000	2130.859	0.399
3190.000	15.000	2130.859	0.399
3200.000	15.000	2154.297	0.444
3210.000	15.000	2154.297	0.444
3220.000	15.000	2154.297	0.444
3230.000	15.000	2199.219	0.436
3240.000	15.000	2199.219	0.436
3250.000	15.000	2199.219	0.436
3260.000	15.000	2230.469	0.450
3270.000	15.000	2230.469	0.450
3280.000	15.000	2230.469	0.450
3290.000	15.000	2224.609	0.444
3300.000	15.000	2224.609	0.444
3310.000	15.000	2224.609	0.444
3320.000	15.000	2277.344	0.440
3330.000	15.000	2277.344	0.440
3340.000	15.000	2277.344	0.440
3350.000	15.000	2292.969	0.419
3360.000	15.000	2292.969	0.419
3370.000	15.000	2292.969	0.419
3380.000	15.000	2314.453	0.430
3390.000	15.000	2314.453	0.430
3400.000	15.000	2314.453	0.430
3410.000	15.000	2355.469	0.432
3420.000	15.000	2355.469	0.432
3430.000	15.000	2355.469	0.432
3440.000	15.000	2404.297	0.434
3450.000	15.000	2404.297	0.434
3460.000	15.000	2404.297	0.434
3470.000	15.000	2412.109	0.428
3480.000	15.000	2412.109	0.428
3490.000	15.000	2412.109	0.428
3500.000	15.000	2431.641	0.442
3510.000	15.000	2431.641	0.442
3520.000	15.000	2431.641	0.442
3530.000	15.000	2453.125	0.437
3540.000	15.000	2453.125	0.437
3550.000	15.000	2453.125	0.437
3560.000	15.000	2492.187	0.437
3570.000	15.000	2492.187	0.437
3580.000	15.000	2492.187	0.437
3590.000	15.000	2521.484	0.444
3600.000	15.000	2521.484	0.444
3610.000	15.000	2521.484	0.444
3620.000	15.000	2556.641	0.435
3630.000	15.000	2556.641	0.435
3640.000	15.000	2556.641	0.435
3650.000	15.000	2582.031	0.440
3660.000	15.000	2582.031	0.440
3670.000	15.000	2582.031	0.440
3680.000	15.000	2613.281	0.431
3690.000	15.000	2613.281	0.431
3700.000	15.000	2613.281	0.431
3710.000	15.000	2615.234	0.437
3720.000	15.000	2615.234	0.437
3730.000	15.000	2615.234	0.437
3740.000	15.000	2669.922	0.442
3750.000	15.000	2669.922	0.442
3760.000	15.000	2669.922	0.442
3770.000	15.000	2687.500	0.445
3780.000	15.000	2687.500	0.445
3790.000	15.000	2687.500	0.445
3800.000	15.000	2724.609	0.446
3810.000	15.000	2724.609	0.446
3820.000	15.000	2724.609	0.446
3830.000	15.000	2744.141	0.441
3840.000	15.000	2744.141	0.441
3850.000	15.000	2744.141	0.441
3860.000	15.000	2775.391	0.445
3870.000	15.000	2775.391	0.445
3880.000	15.000	2775.391	0.445
3890.000	15.000	2757.812	0.438
3900.000	15.000	2757.812	0.438
3910.000	15.000	2757.812	0.438
3920.000	15.000	2820.312	0.425
3930.000	15.000	2820.312	0.425
3940.000	15.000	2820.312	0.425
3950.000	15.000	2875.000	0.427
3960.000	15.000	2875.000	0.427
3970.000	15.000	2875.000	0.427
3980.000	15.000	2886.719	0.433
3990.000	15.000	2886.719	0.433
4000.000	15.000	2886.719	0.433
4010.000	15.000	2929.687	0.431
4020.000	15.000	2929.687	0.431
4030.000	15.000	2929.687	0.431
4040.000	15.000	2927.734	0.402
4050.000	15.000	2927.734	0.402
4060.000	15.000	2927.734	0.402
4070.000	15.000	2953.125	0.441
4080.000	15.000	2953.125	0.441
4090.000	15.000	2953.125	0.441
4100.000	15.000	2964.844	0.437
4110.000	15.000	2964.844	0.437
4120.000	15.000	2964.844	0.437
4130.000	15.000	3011.719	0.436
4140.000	15.000	3011.719	0.436
4150.000	15.000	3011.719	0.436
4160.000	15.000	2984.375	0.437
4170.000	15.000	2984.375	0.437
4180.000	15.000	2984.375	0.437
4190.000	15.000	3001.953	0.434
4200.000	15.000	3001.953	0.434
4210.000	15.000	3001.953	0.434
4220.000	15.000	3072.266	0.446
4230.000	15.000	3072.266	0.446
4240.000	15.000	3072.266	0.446
4250.000	15.000	3089.844	0.441
4260.000	15.000	3089.844	0.441
4270.000	15.000	3089.844	0.441
4280.000	15.000	3126.953	0.440
4290.000	15.000	3126.953	0.440
4300.000	15.000	3126.953	0.440
4310.000	15.000	3164.062	0.421
4320.000	15.000	3164.062	0.421
4330.000	15.000	3164.062	0.421
4340.000	15.000	3189.453	0.444
4350.000	15.000	3189.453	0.444
4360.000	15.000	3189.453	0.444
4370.000	15.000	3197.266	0.430
4380.000	15.000	3197.266	0.430
4390.000	15.000	3197.266	0.430
4400.000	15.000	3230.469	0.441
4410.000	15.000	3230.469	0.441
4420.000	15.000	3230.469	0.441
4430.000	15.000	3226.562	0.424
4440.000	15.000	3226.562	0.424
4450.000	15.000	3226.562	0.424
4460.000	15.000	3261.719	0.438
4470.000	15.000	3261.719	0.438
4480.000	15.000	3261.719	0.438
4490.000	15.000	3312.500	0.433
4500.000	15.000	3312.500	0.433
4510.000	15.000	3312.500	0.433
4520.000	15.000	3341.797	0.424
4530.000	15.000	3341.797	0.424
4540.000	15.000	3341.797	0.424
4550.000	15.000	3378.906	0.439
4560.000	15.000	3378.906	0.439
4570.000	15.000	3378.906	0.439
4580.000	15.000	3375.000	0.421
4590.000	15.000	3375.000	0.421
4600.000	15.000	3375.000	0.421
4610.000	15.000	3410.156	0.445
4620.000	15.000	3410.156	0.445
4630.000	15.000	3410.156	0.445
4640.000	15.000	3445.312	0.441
4650.000	15.000	3445.312	0.441
4660.000	15.000	3445.312	0.441
4670.000	15.000	3453.125	0.437
4680.000	15.000	3453.125	0.437
4690.000	15.000	3453.125	0.437
4700.000	15.000	3517.578	0.434
4710.000	15.000	3517.578	0.434
4720.000	15.000	3517.578	0.434
4730.000	15.000	3501.953	0.427
4740.000	15.000	3501.953	0.427
4750.000	15.000	3501.953	0.427
4760.000	15.000	3527.344	0.418
4770.000	15.000	3527.344	0.418
4780.000	15.000	3527.344	0.418
4790.000	15.000	3572.266	0.441
4800.000	15.000	3572.266	0.441
4810.000	15.000	3572.266	0.441
4820.000	15.000	3585.937	0.424
4830.000	15.000	3585.937	0.424
4840.000	15.000	3585.937	0.424
4850.000	15.000	3617.187	0.431
4860.000	15.000	3617.187	0.431
4870.000	15.000	3617.187	0.431
4880.000	15.000	3605.469	0.415
4890.000	15.000	3605.469	0.415
4900.000	15.000	3605.469	0.415
4910.000	15.000	3669.922	0.437
4920.000	15.000	3669.922	0.437
4930.000	15.000	3669.922	0.437
4940.000	15.000	3652.344	0.413
4950.000	15.000	3652.344	0.413
4960.000	15.000	3652.344	0.413
4970.000	15.000	3708.984	0.430
4980.000	15.000	3708.984	0.430
4990.000	15.000	3708.984	0.430
5000.000	15.000	3765.625	0.445
5010.000	15.000	3765.625	0.445
5020.000	15.000	3765.625	0.445
5030.000	15.000	3763.672	0.439
5040.000	15.000	3763.672	0.439
5050.000	15.000	3763.672	0.439
5060.000	15.000	3818.359	0.416
5070.000	15.000	3818.359	0.416
5080.000	15.000	3818.359	0.416
5090.000	15.000	3767.578	0.436
5100.000	15.000	3767.578	0.436
5110.000	15.000	3767.578	0.436
5120.000	15.000	3853.516	0.437
5130.000	15.000	3853.516	0.437
5140.000	15.000	3853.516	0.437
5150.000	15.000	3861.328	0.437
5160.000	15.000	3861.328	0.437
5170.000	15.000	3861.328	0.437
5180.000	15.000	3888.672	0.444
5190.000	15.000	3888.672	0.444
5200.000	15.000	3888.672	0.444
5210.000	15.000	3906.250	0.429
5220.000	15.000	3906.250	0.429
5230.000	15.000	3906.250	0.429
5240.000	15.000	3931.641	0.425
5250.000	15.000	3931.641	0.425
5260.000	15.000	3931.641	0.425
5270.000	15.000	3962.891	0.443
5280.000	15.000	3962.891	0.443
5290.000	15.000	3962.891	0.443
5300.000	15.000	3966.797	0.433
5310.000	15.000	3966.797	0.433
5320.000	15.000	3966.797	0.433
5330.000	15.000	3996.094	0.429
5340.000	15.000	3996.094	0.429
5350.000	15.000	3996.094	0.429
5360.000	15.000	3998.047	0.426
5370.000	15.000	3998.047	0.426
5380.000	15.000	3998.047	0.426
5390.000	15.000	3998.047	0.444
5400.000	15.000	3998.047	0.444
5410.000	15.000	3998.047	0.444
5420.000	15.000	3998.047	0.447
5430.000	15.000	3998.047	0.447
5440.000	15.000	3998.047	0.447
5450.000	15.000	3998.047	0.410
5460.000	15.000	3998.047	0.410
5470.000	15.000	3998.047	0.410
5480.000	15.000	3998.047	0.438
5490.000	15.000	3998.047	0.438
5500.000	15.000	3998.047	0.438
5510.000	15.000	3998.047	0.311
5520.000	15.000	3998.047	0.311
5530.000	15.000	3998.047	0.311
5540.000	15.000	3998.047	0.186
5550.000	15.000	3998.047	0.186
5560.000	15.000	3998.047	0.186
5570.000	15.000	3998.047	0.053
5580.000	15.000	3998.047	0.053
5590.000	15.000	3998.047	0.053
5600.000	15.000	3998.047	-0.064
5610.000	15.000	3998.047	-0.064
5620.000	15.000	3998.047	-0.064
5630.000	15.000	3998.047	-0.151
5640.000	15.000	3998.047	-0.151
5650.000	15.000	3998.047	-0.151
5660.000	15.000	3998.047	-0.182
5670.000	15.000	3998.047	-0.182
5680.000	15.000	3998.047	-0.182
5690.000	15.000	3998.047	-0.198
5700.000	15.000	3998.047	-0.198
5710.000	15.000	3998.047	-0.198
5720.000	15.000	3992.187	-0.109
5730.000	15.000	3992.187	-0.109
5740.000	15.000	3992.187	-0.109
5750.000	15.000	3974.609	-0.053
5760.000	15.000	3974.609	-0.053
5770.000	15.000	3974.609	-0.053
5780.000	15.000	3974.609	0.026
5790.000	15.000	3974.609	0.026
5800.000	15.000	3974.609	0.026
5810.000	15.000	3966.797	0.204
5820.000	15.000	3966.797	0.204
5830.000	15.000	3966.797	0.204
5840.000	15.000	3982.422	0.312
5850.000	15.000	3982.422	0.312
5860.000	15.000	3982.422	0.312
5870.000	15.000	3980.469	0.357
5880.000	15.000	3980.469	0.357
5890.000	15.000	3980.469	0.357
5900.000	15.000	3998.047	0.410
5910.000	15.000	3998.047	0.410
5920.000	15.000	3998.047	0.410
5930.000	15.000	3998.047	0.408
5940.000	15.000	3998.047	0.408
5950.000	15.000	3998.047	0.408
5960.000	15.000	3998.047	0.384
5970.000	15.000	3998.047	0.384
5980.000	15.000	3998.047	0.384
5990.000	15.000	3998.047	0.287
6000.000	15.000	3998.047	0.287
6010.000	15.000	3998.047	0.287
6020.000	15.000	3998.047	0.188
6030.000	15.000	3998.047	0.188
6040.000	15.000	3998.047	0.188
6050.000	15.000	3998.047	0.129
6060.000	15.000	3998.047	0.129
6070.000	15.000	3998.047	0.129
6080.000	15.000	3998.047	0.089
6090.000	15.000	3998.047	0.089
6100.000	15.000	3998.047	0.089
6110.000	15.000	3998.047	0.051
6120.000	15.000	3998.047	0.051
6130.000	15.000	3998.047	0.051
6140.000	15.000	3998.047	0.003
6150.000	15.000	3998.047	0.003
6160.000	15.000	3998.047	0.003
6170.000	15.000	3998.047	-0.013
6180.000	15.000	3998.047	-0.013
6190.000	15.000	3998.047	-0.013
6200.000	15.000	3998.047	-0.033
6210.000	15.000	3998.047	-0.033
6220.000	15.000	3998.047	-0.033
6230.000	15.000	3992.187	-0.024
6240.000	15.000	3992.187	-0.024
6250.000	15.000	3992.187	-0.024
6260.000	15.000	3984.375	-0.001
6270.000	15.000	3984.375	-0.001
6280.000	15.000	3984.375	-0.001
6290.000	15.000	3962.891	-0.009
6300.000	15.000	3962.891	-0.009
6310.000	15.000	3962.891	-0.009
6320.000	15.000	3972.656	-0.013
6330.000	15.000	3972.656	-0.013
6340.000	15.000	3972.656	-0.013
6350.000	15.000	3929.687	-0.036
6360.000	15.000	3929.687	-0.036
6370.000	15.000	3929.687	-0.036
6380.000	15.000	3904.297	-0.018
6390.000	15.000	3904.297	-0.018
6400.000	15.000	3904.297	-0.018
6410.000	15.000	3890.625	-0.018
6420.000	15.000	3890.625	-0.018
6430.000	15.000	3890.625	-0.018
6440.000	15.000	3888.672	-0.021
6450.000	15.000	3888.672	-0.021
6460.000	15.000	3888.672	-0.021
6470.000	15.000	3863.281	-0.018
6480.000	15.000	3863.281	-0.018
6490.000	15.000	3863.281	-0.018
6500.000	15.000	3859.375	-0.025
6510.000	15.000	3859.375	-0.025
6520.000	15.000	3859.375	-0.025
6530.000	15.000	3857.422	-0.034
6540.000	15.000	3857.422	-0.034
6550.000	15.000	3857.422	-0.034
6560.000	15.000	3785.156	-0.001
6570.000	15.000	3785.156	-0.001
6580.000	15.000	3785.156	-0.001
6590.000	15.000	3806.641	-0.019
6600.000	15.000	3806.641	-0.019
6610.000	15.000	3806.641	-0.019
6620.000	15.000	3789.062	-0.022
6630.000	15.000	3789.062	-0.022
6640.000	15.000	3789.062	-0.022
6650.000	15.000	3775.391	-0.012
6660.000	15.000	3775.391	-0.012
6670.000	15.000	3775.391	-0.012
6680.000	15.000	3750.000	-0.016
6690.000	15.000	3750.000	-0.016
6700.000	15.000	3750.000	-0.016
6710.000	15.000	3730.469	-0.022
6720.000	15.000	3730.469	-0.022
6730.000	15.000	3730.469	-0.022
6740.000	15.000	3697.266	0.006
6750.000	15.000	3697.266	0.006
6760.000	15.000	3697.266	0.006
6770.000	15.000	3708.984	-0.021
6780.000	15.000	3708.984	-0.021
6790.000	15.000	3708.984	-0.021
6800.000	15.000	3697.266	-0.017
6810.000	15.000	3697.266	-0.017
6820.000	15.000	3697.266	-0.017
6830.000	15.000	3679.687	-0.018
6840.000	15.000	3679.687	-0.018
6850.000	15.000	3679.687	-0.018
6860.000	15.000	3660.156	-0.018
6870.000	15.000	3660.156	-0.018
6880.000	15.000	3660.156	-0.018
6890.000	15.000	3646.484	-0.020
6900.000	15.000	3646.484	-0.020
6910.000	15.000	3646.484	-0.020
6920.000	15.000	3640.625	-0.037
6930.000	15.000	3640.625	-0.037
6940.000	15.000	3640.625	-0.037
6950.000	15.000	3613.281	-0.014
6960.000	15.000	3613.281	-0.014
6970.000	15.000	3613.281	-0.014
6980.000	15.000	3611.328	-0.010
6990.000	15.000	3611.328	-0.010
7000.000	15.000	3611.328	-0.010
7010.000	15.000	3587.891	-0.037
7020.000	15.000	3587.891	-0.037
