%Time [ms]	Commanded Torque [mNm]	Angular Velocity [RPM]	Actual Current [Amp]	%10/7/20259:45 AM
0.000	0.000	0.000	0.000
20.000	9.000	-7.812	-0.010
30.000	9.000	-11.719	-0.028
40.000	9.000	-11.719	-0.028
50.000	9.000	-11.719	-0.028
60.000	9.000	-11.719	-0.014
70.000	9.000	-11.719	-0.014
80.000	9.000	-11.719	-0.014
90.000	9.000	-17.578	-0.015
100.000	9.000	-17.578	-0.015
110.000	9.000	-17.578	-0.015
120.000	9.000	23.437	-0.020
130.000	9.000	23.437	-0.020
140.000	9.000	23.437	-0.020
150.000	9.000	-50.781	-0.010
160.000	9.000	-50.781	-0.010
170.000	9.000	-50.781	-0.010
180.000	9.000	13.672	-0.019
190.000	9.000	13.672	-0.019
200.000	9.000	13.672	-0.019
210.000	9.000	0.000	-0.006
220.000	9.000	0.000	-0.006
230.000	9.000	0.000	-0.006
240.000	9.000	-5.859	0.008
250.000	9.000	-5.859	0.008
260.000	9.000	-5.859	0.008
270.000	9.000	5.859	0.001
280.000	9.000	5.859	0.001
290.000	9.000	5.859	0.001
300.000	9.000	13.672	-0.016
310.000	9.000	13.672	-0.016
320.000	9.000	13.672	-0.016
330.000	9.000	15.625	-0.011
340.000	9.000	15.625	-0.011
350.000	9.000	15.625	-0.011
360.000	9.000	-29.297	-0.003
370.000	9.000	-29.297	-0.003
380.000	9.000	-29.297	-0.003
390.000	9.000	3.906	-0.011
400.000	9.000	3.906	-0.011
410.000	9.000	3.906	-0.011
420.000	9.000	-1.953	-0.007
430.000	9.000	-1.953	-0.007
440.000	9.000	-1.953	-0.007
450.000	9.000	11.719	0.003
460.000	9.000	11.719	0.003
470.000	9.000	11.719	0.003
480.000	9.000	-3.906	-0.009
490.000	9.000	-3.906	-0.009
500.000	9.000	-3.906	-0.009
510.000	9.000	-15.625	0.013
520.000	9.000	-15.625	0.013
530.000	9.000	-15.625	0.013
540.000	9.000	-13.672	-0.015
550.000	9.000	-13.672	-0.015
560.000	9.000	-13.672	-0.015
570.000	9.000	1.953	-0.011
580.000	9.000	1.953	-0.011
590.000	9.000	1.953	-0.011
600.000	9.000	-44.922	-0.011
610.000	9.000	-44.922	-0.011
620.000	9.000	-44.922	-0.011
630.000	9.000	-5.859	-0.015
640.000	9.000	-5.859	-0.015
650.000	9.000	-5.859	-0.015
660.000	9.000	7.812	-0.016
670.000	9.000	7.812	-0.016
680.000	9.000	7.812	-0.016
690.000	9.000	-1.953	-0.010
700.000	9.000	-1.953	-0.010
710.000	9.000	-1.953	-0.010
720.000	9.000	-7.812	-0.006
730.000	9.000	-7.812	-0.006
740.000	9.000	-7.812	-0.006
750.000	9.000	-33.203	-0.014
760.000	9.000	-33.203	-0.014
770.000	9.000	-33.203	-0.014
780.000	9.000	-9.766	-0.015
790.000	9.000	-9.766	-0.015
800.000	9.000	-9.766	-0.015
810.000	9.000	-17.578	-0.040
820.000	9.000	-17.578	-0.040
830.000	9.000	-17.578	-0.040
840.000	9.000	13.672	-0.021
850.000	9.000	13.672	-0.021
860.000	9.000	13.672	-0.021
870.000	9.000	3.906	-0.013
880.000	9.000	3.906	-0.013
890.000	9.000	3.906	-0.013
900.000	9.000	35.156	-0.017
910.000	9.000	35.156	-0.017
920.000	9.000	35.156	-0.017
930.000	9.000	1.953	-0.019
940.000	9.000	1.953	-0.019
950.000	9.000	1.953	-0.019
960.000	9.000	0.000	-0.010
970.000	9.000	0.000	-0.010
980.000	9.000	0.000	-0.010
990.000	9.000	-21.484	-0.022
1000.000	9.000	-21.484	-0.022
1010.000	9.000	-21.484	-0.022
1020.000	9.000	-37.109	-0.009
1030.000	9.000	-37.109	-0.009
1040.000	9.000	-37.109	-0.009
1050.000	9.000	-17.578	-0.015
1060.000	9.000	-17.578	-0.015
1070.000	9.000	-17.578	-0.015
1080.000	9.000	-48.828	-0.008
1090.000	9.000	-48.828	-0.008
1100.000	9.000	-48.828	-0.008
1110.000	9.000	-27.344	0.134
1120.000	9.000	-27.344	0.134
1130.000	9.000	-27.344	0.134
1140.000	9.000	3.906	0.211
1150.000	9.000	3.906	0.211
1160.000	9.000	3.906	0.211
1170.000	9.000	-1.953	0.248
1180.000	9.000	-1.953	0.248
1190.000	9.000	-1.953	0.248
1200.000	9.000	62.500	0.252
1210.000	9.000	62.500	0.252
1220.000	9.000	62.500	0.252
1230.000	9.000	52.734	0.261
1240.000	9.000	52.734	0.261
1250.000	9.000	52.734	0.261
1260.000	9.000	72.266	0.249
1270.000	9.000	72.266	0.249
1280.000	9.000	72.266	0.249
1290.000	9.000	76.172	0.241
1300.000	9.000	76.172	0.241
1310.000	9.000	76.172	0.241
1320.000	9.000	125.000	0.241
1330.000	9.000	125.000	0.241
1340.000	9.000	125.000	0.241
1350.000	9.000	125.000	0.261
1360.000	9.000	125.000	0.261
1370.000	9.000	125.000	0.261
1380.000	9.000	158.203	0.245
1390.000	9.000	158.203	0.245
1400.000	9.000	158.203	0.245
1410.000	9.000	173.828	0.264
1420.000	9.000	173.828	0.264
1430.000	9.000	173.828	0.264
1440.000	9.000	197.266	0.255
1450.000	9.000	197.266	0.255
1460.000	9.000	197.266	0.255
1470.000	9.000	220.703	0.257
1480.000	9.000	220.703	0.257
1490.000	9.000	220.703	0.257
1500.000	9.000	224.609	0.264
1510.000	9.000	224.609	0.264
1520.000	9.000	224.609	0.264
1530.000	9.000	246.094	0.259
1540.000	9.000	246.094	0.259
1550.000	9.000	246.094	0.259
1560.000	9.000	253.906	0.264
1570.000	9.000	253.906	0.264
1580.000	9.000	253.906	0.264
1590.000	9.000	273.437	0.262
1600.000	9.000	273.437	0.262
1610.000	9.000	273.437	0.262
1620.000	9.000	250.000	0.269
1630.000	9.000	250.000	0.269
1640.000	9.000	250.000	0.269
1650.000	9.000	324.219	0.259
1660.000	9.000	324.219	0.259
1670.000	9.000	324.219	0.259
1680.000	9.000	328.125	0.265
1690.000	9.000	328.125	0.265
1700.000	9.000	328.125	0.265
1710.000	9.000	314.453	0.252
1720.000	9.000	314.453	0.252
1730.000	9.000	314.453	0.252
1740.000	9.000	361.328	0.263
1750.000	9.000	361.328	0.263
1760.000	9.000	361.328	0.263
1770.000	9.000	373.047	0.273
1780.000	9.000	373.047	0.273
1790.000	9.000	373.047	0.273
1800.000	9.000	392.578	0.265
1810.000	9.000	392.578	0.265
1820.000	9.000	392.578	0.265
1830.000	9.000	416.016	0.259
1840.000	9.000	416.016	0.259
1850.000	9.000	416.016	0.259
1860.000	9.000	435.547	0.279
1870.000	9.000	435.547	0.279
1880.000	9.000	435.547	0.279
1890.000	9.000	437.500	0.262
1900.000	9.000	437.500	0.262
1910.000	9.000	437.500	0.262
1920.000	9.000	505.859	0.256
1930.000	9.000	505.859	0.256
1940.000	9.000	505.859	0.256
1950.000	9.000	509.766	0.261
1960.000	9.000	509.766	0.261
1970.000	9.000	509.766	0.261
1980.000	9.000	505.859	0.272
1990.000	9.000	505.859	0.272
2000.000	9.000	505.859	0.272
2010.000	9.000	480.469	0.275
2020.000	9.000	480.469	0.275
2030.000	9.000	480.469	0.275
2040.000	9.000	560.547	0.264
2050.000	9.000	560.547	0.264
2060.000	9.000	560.547	0.264
2070.000	9.000	556.641	0.269
2080.000	9.000	556.641	0.269
2090.000	9.000	556.641	0.269
2100.000	9.000	595.703	0.258
2110.000	9.000	595.703	0.258
2120.000	9.000	595.703	0.258
2130.000	9.000	593.750	0.259
2140.000	9.000	593.750	0.259
2150.000	9.000	593.750	0.259
2160.000	9.000	566.406	0.257
2170.000	9.000	566.406	0.257
2180.000	9.000	566.406	0.257
2190.000	9.000	593.750	0.267
2200.000	9.000	593.750	0.267
2210.000	9.000	593.750	0.267
2220.000	9.000	650.391	0.262
2230.000	9.000	650.391	0.262
2240.000	9.000	650.391	0.262
2250.000	9.000	662.109	0.257
2260.000	9.000	662.109	0.257
2270.000	9.000	662.109	0.257
2280.000	9.000	664.062	0.256
2290.000	9.000	664.062	0.256
2300.000	9.000	664.062	0.256
2310.000	9.000	679.687	0.269
2320.000	9.000	679.687	0.269
2330.000	9.000	679.687	0.269
2340.000	9.000	691.406	0.266
2350.000	9.000	691.406	0.266
2360.000	9.000	691.406	0.266
2370.000	9.000	712.891	0.286
2380.000	9.000	712.891	0.286
2390.000	9.000	712.891	0.286
2400.000	9.000	744.141	0.257
2410.000	9.000	744.141	0.257
2420.000	9.000	744.141	0.257
2430.000	9.000	759.766	0.261
2440.000	9.000	759.766	0.261
2450.000	9.000	759.766	0.261
2460.000	9.000	759.766	0.234
2470.000	9.000	759.766	0.234
2480.000	9.000	759.766	0.234
2490.000	9.000	777.344	0.266
2500.000	9.000	777.344	0.266
2510.000	9.000	777.344	0.266
2520.000	9.000	816.406	0.273
2530.000	9.000	816.406	0.273
2540.000	9.000	816.406	0.273
2550.000	9.000	804.687	0.271
2560.000	9.000	804.687	0.271
2570.000	9.000	804.687	0.271
2580.000	9.000	845.703	0.266
2590.000	9.000	845.703	0.266
2600.000	9.000	845.703	0.266
2610.000	9.000	828.125	0.274
2620.000	9.000	828.125	0.274
2630.000	9.000	828.125	0.274
2640.000	9.000	851.562	0.248
2650.000	9.000	851.562	0.248
2660.000	9.000	851.562	0.248
2670.000	9.000	878.906	0.258
2680.000	9.000	878.906	0.258
2690.000	9.000	878.906	0.258
2700.000	9.000	888.672	0.256
2710.000	9.000	888.672	0.256
2720.000	9.000	888.672	0.256
2730.000	9.000	910.156	0.239
2740.000	9.000	910.156	0.239
2750.000	9.000	910.156	0.239
2760.000	9.000	931.641	0.277
2770.000	9.000	931.641	0.277
2780.000	9.000	931.641	0.277
2790.000	9.000	939.453	0.262
2800.000	9.000	939.453	0.262
2810.000	9.000	939.453	0.262
2820.000	9.000	931.641	0.261
2830.000	9.000	931.641	0.261
2840.000	9.000	931.641	0.261
2850.000	9.000	960.937	0.270
2860.000	9.000	960.937	0.270
2870.000	9.000	960.937	0.270
2880.000	9.000	996.094	0.262
2890.000	9.000	996.094	0.262
2900.000	9.000	996.094	0.262
2910.000	9.000	978.516	0.259
2920.000	9.000	978.516	0.259
2930.000	9.000	978.516	0.259
2940.000	9.000	1019.531	0.259
2950.000	9.000	1019.531	0.259
2960.000	9.000	1019.531	0.259
2970.000	9.000	1031.250	0.266
2980.000	9.000	1031.250	0.266
2990.000	9.000	1031.250	0.266
3000.000	9.000	1044.922	0.260
3010.000	9.000	1044.922	0.260
3020.000	9.000	1044.922	0.260
3030.000	9.000	1066.406	0.269
3040.000	9.000	1066.406	0.269
3050.000	9.000	1066.406	0.269
3060.000	9.000	1060.547	0.255
3070.000	9.000	1060.547	0.255
3080.000	9.000	1060.547	0.255
3090.000	9.000	1093.750	0.283
3100.000	9.000	1093.750	0.283
3110.000	9.000	1093.750	0.283
3120.000	9.000	1101.562	0.255
3130.000	9.000	1101.562	0.255
3140.000	9.000	1101.562	0.255
3150.000	9.000	1117.187	0.264
3160.000	9.000	1117.187	0.264
3170.000	9.000	1117.187	0.264
3180.000	9.000	1125.000	0.270
3190.000	9.000	1125.000	0.270
3200.000	9.000	1125.000	0.270
3210.000	9.000	1150.391	0.262
3220.000	9.000	1150.391	0.262
3230.000	9.000	1150.391	0.262
3240.000	9.000	1156.250	0.261
3250.000	9.000	1156.250	0.261
3260.000	9.000	1156.250	0.261
3270.000	9.000	1208.984	0.266
3280.000	9.000	1208.984	0.266
3290.000	9.000	1208.984	0.266
3300.000	9.000	1230.469	0.248
3310.000	9.000	1230.469	0.248
3320.000	9.000	1230.469	0.248
3330.000	9.000	1234.375	0.266
3340.000	9.000	1234.375	0.266
3350.000	9.000	1234.375	0.266
3360.000	9.000	1220.703	0.259
3370.000	9.000	1220.703	0.259
3380.000	9.000	1220.703	0.259
3390.000	9.000	1226.562	0.258
3400.000	9.000	1226.562	0.258
3410.000	9.000	1226.562	0.258
3420.000	9.000	1236.328	0.260
3430.000	9.000	1236.328	0.260
3440.000	9.000	1236.328	0.260
3450.000	9.000	1265.625	0.290
3460.000	9.000	1265.625	0.290
3470.000	9.000	1265.625	0.290
3480.000	9.000	1279.297	0.259
3490.000	9.000	1279.297	0.259
3500.000	9.000	1279.297	0.259
3510.000	9.000	1294.922	0.267
3520.000	9.000	1294.922	0.267
3530.000	9.000	1294.922	0.267
3540.000	9.000	1308.594	0.264
3550.000	9.000	1308.594	0.264
3560.000	9.000	1308.594	0.264
3570.000	9.000	1316.406	0.261
3580.000	9.000	1316.406	0.261
3590.000	9.000	1316.406	0.261
3600.000	9.000	1333.984	0.289
3610.000	9.000	1333.984	0.289
3620.000	9.000	1333.984	0.289
3630.000	9.000	1304.687	0.264
3640.000	9.000	1304.687	0.264
3650.000	9.000	1304.687	0.264
3660.000	9.000	1349.609	0.276
3670.000	9.000	1349.609	0.276
3680.000	9.000	1349.609	0.276
3690.000	9.000	1386.719	0.268
3700.000	9.000	1386.719	0.268
3710.000	9.000	1386.719	0.268
3720.000	9.000	1404.297	0.286
3730.000	9.000	1404.297	0.286
3740.000	9.000	1404.297	0.286
3750.000	9.000	1404.297	0.263
3760.000	9.000	1404.297	0.263
3770.000	9.000	1404.297	0.263
3780.000	9.000	1417.969	0.254
3790.000	9.000	1417.969	0.254
3800.000	9.000	1417.969	0.254
3810.000	9.000	1425.781	0.255
3820.000	9.000	1425.781	0.255
3830.000	9.000	1425.781	0.255
3840.000	9.000	1439.453	0.263
3850.000	9.000	1439.453	0.263
3860.000	9.000	1439.453	0.263
3870.000	9.000	1458.984	0.263
3880.000	9.000	1458.984	0.263
3890.000	9.000	1458.984	0.263
3900.000	9.000	1476.562	0.272
3910.000	9.000	1476.562	0.272
3920.000	9.000	1476.562	0.272
3930.000	9.000	1509.766	0.270
3940.000	9.000	1509.766	0.270
3950.000	9.000	1509.766	0.270
3960.000	9.000	1500.000	0.253
3970.000	9.000	1500.000	0.253
3980.000	9.000	1500.000	0.253
3990.000	9.000	1496.094	0.264
4000.000	9.000	1496.094	0.264
4010.000	9.000	1496.094	0.264
4020.000	9.000	1576.172	0.264
4030.000	9.000	1576.172	0.264
4040.000	9.000	1576.172	0.264
4050.000	9.000	1542.969	0.274
4060.000	9.000	1542.969	0.274
4070.000	9.000	1542.969	0.274
4080.000	9.000	1548.828	0.269
4090.000	9.000	1548.828	0.269
4100.000	9.000	1548.828	0.269
4110.000	9.000	1576.172	0.272
4120.000	9.000	1576.172	0.272
4130.000	9.000	1576.172	0.272
4140.000	9.000	1578.125	0.272
4150.000	9.000	1578.125	0.272
4160.000	9.000	1578.125	0.272
4170.000	9.000	1589.844	0.261
4180.000	9.000	1589.844	0.261
4190.000	9.000	1589.844	0.261
4200.000	9.000	1609.375	0.265
4210.000	9.000	1609.375	0.265
4220.000	9.000	1609.375	0.265
4230.000	9.000	1623.047	0.256
4240.000	9.000	1623.047	0.256
4250.000	9.000	1623.047	0.256
4260.000	9.000	1644.531	0.259
4270.000	9.000	1644.531	0.259
4280.000	9.000	1644.531	0.259
4290.000	9.000	1671.875	0.264
4300.000	9.000	1671.875	0.264
4310.000	9.000	1671.875	0.264
4320.000	9.000	1669.922	0.258
4330.000	9.000	1669.922	0.258
4340.000	9.000	1669.922	0.258
4350.000	9.000	1687.500	0.276
4360.000	9.000	1687.500	0.276
4370.000	9.000	1687.500	0.276
4380.000	9.000	1742.187	0.264
4390.000	9.000	1742.187	0.264
4400.000	9.000	1742.187	0.264
4410.000	9.000	1695.312	0.271
4420.000	9.000	1695.312	0.271
4430.000	9.000	1695.312	0.271
4440.000	9.000	1722.656	0.260
4450.000	9.000	1722.656	0.260
4460.000	9.000	1722.656	0.260
4470.000	9.000	1705.078	0.261
4480.000	9.000	1705.078	0.261
4490.000	9.000	1705.078	0.261
4500.000	9.000	1748.047	0.268
4510.000	9.000	1748.047	0.268
4520.000	9.000	1748.047	0.268
4530.000	9.000	1773.437	0.267
4540.000	9.000	1773.437	0.267
4550.000	9.000	1773.437	0.267
4560.000	9.000	1775.391	0.259
4570.000	9.000	1775.391	0.259
4580.000	9.000	1775.391	0.259
4590.000	9.000	1783.203	0.255
4600.000	9.000	1783.203	0.255
4610.000	9.000	1783.203	0.255
4620.000	9.000	1830.078	0.241
4630.000	9.000	1830.078	0.241
4640.000	9.000	1830.078	0.241
4650.000	9.000	1828.125	0.280
4660.000	9.000	1828.125	0.280
4670.000	9.000	1828.125	0.280
4680.000	9.000	1832.031	0.267
4690.000	9.000	1832.031	0.267
4700.000	9.000	1832.031	0.267
4710.000	9.000	1835.937	0.256
4720.000	9.000	1835.937	0.256
4730.000	9.000	1835.937	0.256
4740.000	9.000	1851.562	0.260
4750.000	9.000	1851.562	0.260
4760.000	9.000	1851.562	0.260
4770.000	9.000	1861.328	0.262
4780.000	9.000	1861.328	0.262
4790.000	9.000	1861.328	0.262
4800.000	9.000	1869.141	0.268
4810.000	9.000	1869.141	0.268
4820.000	9.000	1869.141	0.268
4830.000	9.000	1894.531	0.256
4840.000	9.000	1894.531	0.256
4850.000	9.000	1894.531	0.256
4860.000	9.000	1917.969	0.264
4870.000	9.000	1917.969	0.264
4880.000	9.000	1917.969	0.264
4890.000	9.000	1927.734	0.259
4900.000	9.000	1927.734	0.259
4910.000	9.000	1927.734	0.259
4920.000	9.000	1947.266	0.253
4930.000	9.000	1947.266	0.253
4940.000	9.000	1947.266	0.253
4950.000	9.000	1939.453	0.258
4960.000	9.000	1939.453	0.258
4970.000	9.000	1939.453	0.258
4980.000	9.000	1986.328	0.271
4990.000	9.000	1986.328	0.271
5000.000	9.000	1986.328	0.271
5010.000	9.000	1976.562	0.256
5020.000	9.000	1976.562	0.256
5030.000	9.000	1976.562	0.256
5040.000	9.000	1958.984	0.267
5050.000	9.000	1958.984	0.267
5060.000	9.000	1958.984	0.267
5070.000	9.000	1994.141	0.255
5080.000	9.000	1994.141	0.255
5090.000	9.000	1994.141	0.255
5100.000	9.000	2013.672	0.258
5110.000	9.000	2013.672	0.258
5120.000	9.000	2013.672	0.258
5130.000	9.000	2031.250	0.239
5140.000	9.000	2031.250	0.239
5150.000	9.000	2031.250	0.239
5160.000	9.000	2031.250	0.262
5170.000	9.000	2031.250	0.262
5180.000	9.000	2031.250	0.262
5190.000	9.000	2037.109	0.244
5200.000	9.000	2037.109	0.244
5210.000	9.000	2037.109	0.244
5220.000	9.000	2080.078	0.260
5230.000	9.000	2080.078	0.260
5240.000	9.000	2080.078	0.260
5250.000	9.000	2076.172	0.262
5260.000	9.000	2076.172	0.262
5270.000	9.000	2076.172	0.262
5280.000	9.000	2078.125	0.259
5290.000	9.000	2078.125	0.259
5300.000	9.000	2078.125	0.259
5310.000	9.000	2080.078	0.271
5320.000	9.000	2080.078	0.271
5330.000	9.000	2080.078	0.271
5340.000	9.000	2115.234	0.265
5350.000	9.000	2115.234	0.265
5360.000	9.000	2115.234	0.265
5370.000	9.000	2154.297	0.251
5380.000	9.000	2154.297	0.251
5390.000	9.000	2154.297	0.251
5400.000	9.000	2109.375	0.257
5410.000	9.000	2109.375	0.257
5420.000	9.000	2109.375	0.257
5430.000	9.000	2126.953	0.265
5440.000	9.000	2126.953	0.265
5450.000	9.000	2126.953	0.265
5460.000	9.000	2148.437	0.260
5470.000	9.000	2148.437	0.260
5480.000	9.000	2148.437	0.260
5490.000	9.000	2177.734	0.242
5500.000	9.000	2177.734	0.242
5510.000	9.000	2177.734	0.242
5520.000	9.000	2171.875	0.269
5530.000	9.000	2171.875	0.269
5540.000	9.000	2171.875	0.269
5550.000	9.000	2191.406	0.262
5560.000	9.000	2191.406	0.262
5570.000	9.000	2191.406	0.262
5580.000	9.000	2226.562	0.264
5590.000	9.000	2226.562	0.264
5600.000	9.000	2226.562	0.264
5610.000	9.000	2212.891	0.233
5620.000	9.000	2212.891	0.233
5630.000	9.000	2212.891	0.233
5640.000	9.000	2230.469	0.280
5650.000	9.000	2230.469	0.280
5660.000	9.000	2230.469	0.280
5670.000	9.000	2230.469	0.271
5680.000	9.000	2230.469	0.271
5690.000	9.000	2230.469	0.271
5700.000	9.000	2267.578	0.263
5710.000	9.000	2267.578	0.263
5720.000	9.000	2267.578	0.263
5730.000	9.000	2279.297	0.269
5740.000	9.000	2279.297	0.269
5750.000	9.000	2279.297	0.269
5760.000	9.000	2279.297	0.247
5770.000	9.000	2279.297	0.247
5780.000	9.000	2279.297	0.247
5790.000	9.000	2294.922	0.242
5800.000	9.000	2294.922	0.242
5810.000	9.000	2294.922	0.242
5820.000	9.000	2304.687	0.260
5830.000	9.000	2304.687	0.260
5840.000	9.000	2304.687	0.260
5850.000	9.000	2300.781	0.261
5860.000	9.000	2300.781	0.261
5870.000	9.000	2300.781	0.261
5880.000	9.000	2326.172	0.270
5890.000	9.000	2326.172	0.270
5900.000	9.000	2326.172	0.270
5910.000	9.000	2337.891	0.278
5920.000	9.000	2337.891	0.278
5930.000	9.000	2337.891	0.278
5940.000	9.000	2347.656	0.259
5950.000	9.000	2347.656	0.259
5960.000	9.000	2347.656	0.259
5970.000	9.000	2359.375	0.262
5980.000	9.000	2359.375	0.262
5990.000	9.000	2359.375	0.262
6000.000	9.000	2369.141	0.253
6010.000	9.000	2369.141	0.253
6020.000	9.000	2369.141	0.253
6030.000	9.000	2416.016	0.256
6040.000	9.000	2416.016	0.256
6050.000	9.000	2416.016	0.256
6060.000	9.000	2402.344	0.262
6070.000	9.000	2402.344	0.262
6080.000	9.000	2402.344	0.262
6090.000	9.000	2412.109	0.256
6100.000	9.000	2412.109	0.256
6110.000	9.000	2412.109	0.256
6120.000	9.000	2398.437	0.120
6130.000	9.000	2398.437	0.120
6140.000	9.000	2398.437	0.120
6150.000	9.000	2410.156	0.039
6160.000	9.000	2410.156	0.039
6170.000	9.000	2410.156	0.039
6180.000	9.000	2394.531	0.004
6190.000	9.000	2394.531	0.004
6200.000	9.000	2394.531	0.004
6210.000	9.000	2388.672	-0.004
6220.000	9.000	2388.672	-0.004
6230.000	9.000	2388.672	-0.004
6240.000	9.000	2365.234	-0.007
6250.000	9.000	2365.234	-0.007
6260.000	9.000	2365.234	-0.007
6270.000	9.000	2353.516	0.002
6280.000	9.000	2353.516	0.002
6290.000	9.000	2353.516	0.002
6300.000	9.000	2343.750	-0.044
6310.000	9.000	2343.750	-0.044
6320.000	9.000	2343.750	-0.044
6330.000	9.000	2332.031	-0.007
6340.000	9.000	2332.031	-0.007
6350.000	9.000	2332.031	-0.007
6360.000	9.000	2339.844	-0.020
6370.000	9.000	2339.844	-0.020
6380.000	9.000	2339.844	-0.020
6390.000	9.000	2302.734	-0.014
6400.000	9.000	2302.734	-0.014
6410.000	9.000	2302.734	-0.014
6420.000	9.000	2310.547	-0.010
6430.000	9.000	2310.547	-0.010
6440.000	9.000	2310.547	-0.010
6450.000	9.000	2242.187	-0.014
6460.000	9.000	2242.187	-0.014
6470.000	9.000	2242.187	-0.014
6480.000	9.000	2275.391	-0.021
6490.000	9.000	2275.391	-0.021
6500.000	9.000	2275.391	-0.021
6510.000	9.000	2216.797	-0.009
6520.000	9.000	2216.797	-0.009
6530.000	9.000	2216.797	-0.009
6540.000	9.000	2236.328	-0.007
6550.000	9.000	2236.328	-0.007
6560.000	9.000	2236.328	-0.007
6570.000	9.000	2222.656	-0.011
6580.000	9.000	2222.656	-0.011
6590.000	9.000	2222.656	-0.011
6600.000	9.000	2224.609	-0.011
6610.000	9.000	2224.609	-0.011
6620.000	9.000	2224.609	-0.011
6630.000	9.000	2195.312	-0.016
6640.000	9.000	2195.312	-0.016
6650.000	9.000	2195.312	-0.016
6660.000	9.000	2199.219	-0.017
6670.000	9.000	2199.219	-0.017
6680.000	9.000	2199.219	-0.017
6690.000	9.000	2177.734	-0.028
6700.000	9.000	2177.734	-0.028
6710.000	9.000	2177.734	-0.028
6720.000	9.000	2132.812	0.005
6730.000	9.000	2132.812	0.005
6740.000	9.000	2132.812	0.005
6750.000	9.000	2154.297	-0.009
6760.000	9.000	2154.297	-0.009
6770.000	9.000	2154.297	-0.009
6780.000	9.000	2150.391	-0.017
6790.000	9.000	2150.391	-0.017
6800.000	9.000	2150.391	-0.017
6810.000	9.000	2152.344	-0.010
6820.000	9.000	2152.344	-0.010
6830.000	9.000	2152.344	-0.010
6840.000	9.000	2111.328	-0.010
6850.000	9.000	2111.328	-0.010
6860.000	9.000	2111.328	-0.010
6870.000	9.000	2095.703	-0.014
6880.000	9.000	2095.703	-0.014
6890.000	9.000	2095.703	-0.014
6900.000	9.000	2115.234	-0.010
6910.000	9.000	2115.234	-0.010
6920.000	9.000	2115.234	-0.010
6930.000	9.000	2087.891	-0.017
6940.000	9.000	2087.891	-0.017
6950.000	9.000	2087.891	-0.017
6960.000	9.000	2099.609	-0.007
6970.000	9.000	2099.609	-0.007
6980.000	9.000	2099.609	-0.007
6990.000	9.000	2044.922	-0.010
7000.000	9.000	2044.922	-0.010
7010.000	9.000	2044.922	-0.010
7020.000	9.000	2037.109	-0.014
