%Time [ms]	Commanded Torque [mNm]	Angular Velocity [RPM]	Actual Current [Amp]	%10/7/20259:45 AM
0.000	0.000	0.000	0.000
20.000	7.000	-3.906	-0.015
30.000	7.000	-3.906	-0.015
40.000	7.000	-7.812	-0.013
50.000	7.000	-7.812	-0.013
60.000	7.000	-7.812	-0.013
70.000	7.000	-9.766	0.001
80.000	7.000	-9.766	0.001
90.000	7.000	-9.766	0.001
100.000	7.000	3.906	-0.017
110.000	7.000	3.906	-0.017
120.000	7.000	3.906	-0.017
130.000	7.000	-5.859	-0.007
140.000	7.000	-5.859	-0.007
150.000	7.000	-5.859	-0.007
160.000	7.000	-17.578	-0.012
170.000	7.000	-17.578	-0.012
180.000	7.000	-17.578	-0.012
190.000	7.000	-3.906	-0.008
200.000	7.000	-3.906	-0.008
210.000	7.000	-3.906	-0.008
220.000	7.000	-9.766	0.009
230.000	7.000	-9.766	0.009
240.000	7.000	-9.766	0.009
250.000	7.000	1.953	-0.015
260.000	7.000	1.953	-0.015
270.000	7.000	1.953	-0.015
280.000	7.000	21.484	-0.008
290.000	7.000	21.484	-0.008
300.000	7.000	21.484	-0.008
310.000	7.000	-3.906	-0.017
320.000	7.000	-3.906	-0.017
330.000	7.000	-3.906	-0.017
340.000	7.000	17.578	-0.015
350.000	7.000	17.578	-0.015
360.000	7.000	17.578	-0.015
370.000	7.000	-15.625	-0.016
380.000	7.000	-15.625	-0.016
390.000	7.000	-15.625	-0.016
400.000	7.000	-15.625	-0.013
410.000	7.000	-15.625	-0.013
420.000	7.000	-15.625	-0.013
430.000	7.000	-7.812	-0.018
440.000	7.000	-7.812	-0.018
450.000	7.000	-7.812	-0.018
460.000	7.000	-9.766	-0.012
470.000	7.000	-9.766	-0.012
480.000	7.000	-9.766	-0.012
490.000	7.000	9.766	-0.011
500.000	7.000	9.766	-0.011
510.000	7.000	9.766	-0.011
520.000	7.000	-5.859	-0.012
530.000	7.000	-5.859	-0.012
540.000	7.000	-5.859	-0.012
550.000	7.000	-5.859	-0.011
560.000	7.000	-5.859	-0.011
570.000	7.000	-5.859	-0.011
580.000	7.000	-5.859	-0.013
590.000	7.000	-5.859	-0.013
600.000	7.000	-5.859	-0.013
610.000	7.000	-15.625	-0.017
620.000	7.000	-15.625	-0.017
630.000	7.000	-15.625	-0.017
640.000	7.000	-9.766	-0.008
650.000	7.000	-9.766	-0.008
660.000	7.000	-9.766	-0.008
670.000	7.000	-23.437	-0.016
680.000	7.000	-23.437	-0.016
690.000	7.000	-23.437	-0.016
700.000	7.000	0.000	-0.008
710.000	7.000	0.000	-0.008
720.000	7.000	0.000	-0.008
730.000	7.000	9.766	-0.020
740.000	7.000	9.766	-0.020
750.000	7.000	9.766	-0.020
760.000	7.000	-29.297	-0.004
770.000	7.000	-29.297	-0.004
780.000	7.000	-29.297	-0.004
790.000	7.000	-5.859	-0.011
800.000	7.000	-5.859	-0.011
810.000	7.000	-5.859	-0.011
820.000	7.000	-3.906	-0.008
830.000	7.000	-3.906	-0.008
840.000	7.000	-3.906	-0.008
850.000	7.000	-1.953	-0.020
860.000	7.000	-1.953	-0.020
870.000	7.000	-1.953	-0.020
880.000	7.000	-46.875	-0.009
890.000	7.000	-46.875	-0.009
900.000	7.000	-46.875	-0.009
910.000	7.000	1.953	-0.008
920.000	7.000	1.953	-0.008
930.000	7.000	1.953	-0.008
940.000	7.000	3.906	-0.012
950.000	7.000	3.906	-0.012
960.000	7.000	3.906	-0.012
970.000	7.000	-3.906	-0.014
980.000	7.000	-3.906	-0.014
990.000	7.000	-3.906	-0.014
1000.000	7.000	1.953	-0.012
1010.000	7.000	1.953	-0.012
1020.000	7.000	1.953	-0.012
1030.000	7.000	9.766	-0.011
1040.000	7.000	9.766	-0.011
1050.000	7.000	9.766	-0.011
1060.000	7.000	5.859	-0.009
1070.000	7.000	5.859	-0.009
1080.000	7.000	5.859	-0.009
1090.000	7.000	-17.578	0.102
1100.000	7.000	-17.578	0.102
1110.000	7.000	-17.578	0.102
1120.000	7.000	-17.578	0.160
1130.000	7.000	-17.578	0.160
1140.000	7.000	-17.578	0.160
1150.000	7.000	27.344	0.187
1160.000	7.000	27.344	0.187
1170.000	7.000	27.344	0.187
1180.000	7.000	15.625	0.200
1190.000	7.000	15.625	0.200
1200.000	7.000	15.625	0.200
1210.000	7.000	-13.672	0.205
1220.000	7.000	-13.672	0.205
1230.000	7.000	-13.672	0.205
1240.000	7.000	33.203	0.207
1250.000	7.000	33.203	0.207
1260.000	7.000	33.203	0.207
1270.000	7.000	74.219	0.216
1280.000	7.000	74.219	0.216
1290.000	7.000	74.219	0.216
1300.000	7.000	56.641	0.203
1310.000	7.000	56.641	0.203
1320.000	7.000	56.641	0.203
1330.000	7.000	56.641	0.206
1340.000	7.000	56.641	0.206
1350.000	7.000	56.641	0.206
1360.000	7.000	103.516	0.202
1370.000	7.000	103.516	0.202
1380.000	7.000	103.516	0.202
1390.000	7.000	119.141	0.177
1400.000	7.000	119.141	0.177
1410.000	7.000	119.141	0.177
1420.000	7.000	134.766	0.202
1430.000	7.000	134.766	0.202
1440.000	7.000	134.766	0.202
1450.000	7.000	156.250	0.213
1460.000	7.000	156.250	0.213
1470.000	7.000	156.250	0.213
1480.000	7.000	166.016	0.182
1490.000	7.000	166.016	0.182
1500.000	7.000	166.016	0.182
1510.000	7.000	148.437	0.190
1520.000	7.000	148.437	0.190
1530.000	7.000	148.437	0.190
1540.000	7.000	183.594	0.201
1550.000	7.000	183.594	0.201
1560.000	7.000	183.594	0.201
1570.000	7.000	189.453	0.192
1580.000	7.000	189.453	0.192
1590.000	7.000	189.453	0.192
1600.000	7.000	236.328	0.186
1610.000	7.000	236.328	0.186
1620.000	7.000	236.328	0.186
1630.000	7.000	216.797	0.205
1640.000	7.000	216.797	0.205
1650.000	7.000	216.797	0.205
1660.000	7.000	236.328	0.212
1670.000	7.000	236.328	0.212
1680.000	7.000	236.328	0.212
1690.000	7.000	250.000	0.198
1700.000	7.000	250.000	0.198
1710.000	7.000	250.000	0.198
1720.000	7.000	257.812	0.208
1730.000	7.000	257.812	0.208
1740.000	7.000	257.812	0.208
1750.000	7.000	263.672	0.204
1760.000	7.000	263.672	0.204
1770.000	7.000	263.672	0.204
1780.000	7.000	291.016	0.193
1790.000	7.000	291.016	0.193
1800.000	7.000	291.016	0.193
1810.000	7.000	287.109	0.208
1820.000	7.000	287.109	0.208
1830.000	7.000	287.109	0.208
1840.000	7.000	296.875	0.214
1850.000	7.000	296.875	0.214
1860.000	7.000	296.875	0.214
1870.000	7.000	310.547	0.202
1880.000	7.000	310.547	0.202
1890.000	7.000	310.547	0.202
1900.000	7.000	322.266	0.199
1910.000	7.000	322.266	0.199
1920.000	7.000	322.266	0.199
1930.000	7.000	363.281	0.205
1940.000	7.000	363.281	0.205
1950.000	7.000	363.281	0.205
1960.000	7.000	347.656	0.187
1970.000	7.000	347.656	0.187
1980.000	7.000	347.656	0.187
1990.000	7.000	367.187	0.203
2000.000	7.000	367.187	0.203
2010.000	7.000	367.187	0.203
2020.000	7.000	386.719	0.197
2030.000	7.000	386.719	0.197
2040.000	7.000	386.719	0.197
2050.000	7.000	390.625	0.199
2060.000	7.000	390.625	0.199
2070.000	7.000	390.625	0.199
2080.000	7.000	398.437	0.200
2090.000	7.000	398.437	0.200
2100.000	7.000	398.437	0.200
2110.000	7.000	416.016	0.202
2120.000	7.000	416.016	0.202
2130.000	7.000	416.016	0.202
2140.000	7.000	447.266	0.223
2150.000	7.000	447.266	0.223
2160.000	7.000	447.266	0.223
2170.000	7.000	439.453	0.204
2180.000	7.000	439.453	0.204
2190.000	7.000	439.453	0.204
2200.000	7.000	398.437	0.207
2210.000	7.000	398.437	0.207
2220.000	7.000	398.437	0.207
2230.000	7.000	443.359	0.200
2240.000	7.000	443.359	0.200
2250.000	7.000	443.359	0.200
2260.000	7.000	460.937	0.201
2270.000	7.000	460.937	0.201
2280.000	7.000	460.937	0.201
2290.000	7.000	468.750	0.208
2300.000	7.000	468.750	0.208
2310.000	7.000	468.750	0.208
2320.000	7.000	482.422	0.220
2330.000	7.000	482.422	0.220
2340.000	7.000	482.422	0.220
2350.000	7.000	494.141	0.206
2360.000	7.000	494.141	0.206
2370.000	7.000	494.141	0.206
2380.000	7.000	517.578	0.203
2390.000	7.000	517.578	0.203
2400.000	7.000	517.578	0.203
2410.000	7.000	480.469	0.188
2420.000	7.000	480.469	0.188
2430.000	7.000	480.469	0.188
2440.000	7.000	560.547	0.221
2450.000	7.000	560.547	0.221
2460.000	7.000	560.547	0.221
2470.000	7.000	546.875	0.201
2480.000	7.000	546.875	0.201
2490.000	7.000	546.875	0.201
2500.000	7.000	550.781	0.182
2510.000	7.000	550.781	0.182
2520.000	7.000	550.781	0.182
2530.000	7.000	554.687	0.191
2540.000	7.000	554.687	0.191
2550.000	7.000	554.687	0.191
2560.000	7.000	580.078	0.199
2570.000	7.000	580.078	0.199
2580.000	7.000	580.078	0.199
2590.000	7.000	593.750	0.195
2600.000	7.000	593.750	0.195
2610.000	7.000	593.750	0.195
2620.000	7.000	599.609	0.199
2630.000	7.000	599.609	0.199
2640.000	7.000	599.609	0.199
2650.000	7.000	619.141	0.197
2660.000	7.000	619.141	0.197
2670.000	7.000	619.141	0.197
2680.000	7.000	625.000	0.188
2690.000	7.000	625.000	0.188
2700.000	7.000	625.000	0.188
2710.000	7.000	636.719	0.207
2720.000	7.000	636.719	0.207
2730.000	7.000	636.719	0.207
2740.000	7.000	609.375	0.207
2750.000	7.000	609.375	0.207
2760.000	7.000	609.375	0.207
2770.000	7.000	634.766	0.204
2780.000	7.000	634.766	0.204
2790.000	7.000	634.766	0.204
2800.000	7.000	681.641	0.205
2810.000	7.000	681.641	0.205
2820.000	7.000	681.641	0.205
2830.000	7.000	685.547	0.197
2840.000	7.000	685.547	0.197
2850.000	7.000	685.547	0.197
2860.000	7.000	683.594	0.199
2870.000	7.000	683.594	0.199
2880.000	7.000	683.594	0.199
2890.000	7.000	697.266	0.202
2900.000	7.000	697.266	0.202
2910.000	7.000	697.266	0.202
2920.000	7.000	689.453	0.205
2930.000	7.000	689.453	0.205
2940.000	7.000	689.453	0.205
2950.000	7.000	724.609	0.190
2960.000	7.000	724.609	0.190
2970.000	7.000	724.609	0.190
2980.000	7.000	742.187	0.204
2990.000	7.000	742.187	0.204
3000.000	7.000	742.187	0.204
3010.000	7.000	740.234	0.224
3020.000	7.000	740.234	0.224
3030.000	7.000	740.234	0.224
3040.000	7.000	769.531	0.199
3050.000	7.000	769.531	0.199
3060.000	7.000	769.531	0.199
3070.000	7.000	750.000	0.187
3080.000	7.000	750.000	0.187
3090.000	7.000	750.000	0.187
3100.000	7.000	755.859	0.196
3110.000	7.000	755.859	0.196
3120.000	7.000	755.859	0.196
3130.000	7.000	759.766	0.211
3140.000	7.000	759.766	0.211
3150.000	7.000	759.766	0.211
3160.000	7.000	787.109	0.201
3170.000	7.000	787.109	0.201
3180.000	7.000	787.109	0.201
3190.000	7.000	796.875	0.201
3200.000	7.000	796.875	0.201
3210.000	7.000	796.875	0.201
3220.000	7.000	798.828	0.202
3230.000	7.000	798.828	0.202
3240.000	7.000	798.828	0.202
3250.000	7.000	824.219	0.205
3260.000	7.000	824.219	0.205
3270.000	7.000	824.219	0.205
3280.000	7.000	830.078	0.207
3290.000	7.000	830.078	0.207
3300.000	7.000	830.078	0.207
3310.000	7.000	839.844	0.205
3320.000	7.000	839.844	0.205
3330.000	7.000	839.844	0.205
3340.000	7.000	853.516	0.216
3350.000	7.000	853.516	0.216
3360.000	7.000	853.516	0.216
3370.000	7.000	857.422	0.197
3380.000	7.000	857.422	0.197
3390.000	7.000	857.422	0.197
3400.000	7.000	861.328	0.200
3410.000	7.000	861.328	0.200
3420.000	7.000	861.328	0.200
3430.000	7.000	880.859	0.215
3440.000	7.000	880.859	0.215
3450.000	7.000	880.859	0.215
3460.000	7.000	882.812	0.212
3470.000	7.000	882.812	0.212
3480.000	7.000	882.812	0.212
3490.000	7.000	894.531	0.201
3500.000	7.000	894.531	0.201
3510.000	7.000	894.531	0.201
3520.000	7.000	916.016	0.199
3530.000	7.000	916.016	0.199
3540.000	7.000	916.016	0.199
3550.000	7.000	945.312	0.205
3560.000	7.000	945.312	0.205
3570.000	7.000	945.312	0.205
3580.000	7.000	927.734	0.227
3590.000	7.000	927.734	0.227
3600.000	7.000	927.734	0.227
3610.000	7.000	960.937	0.205
3620.000	7.000	960.937	0.205
3630.000	7.000	960.937	0.205
3640.000	7.000	941.406	0.203
3650.000	7.000	941.406	0.203
3660.000	7.000	941.406	0.203
3670.000	7.000	968.750	0.203
3680.000	7.000	968.750	0.203
3690.000	7.000	968.750	0.203
3700.000	7.000	968.750	0.197
3710.000	7.000	968.750	0.197
3720.000	7.000	968.750	0.197
3730.000	7.000	974.609	0.201
3740.000	7.000	974.609	0.201
3750.000	7.000	974.609	0.201
3760.000	7.000	986.328	0.199
3770.000	7.000	986.328	0.199
3780.000	7.000	986.328	0.199
3790.000	7.000	996.094	0.202
3800.000	7.000	996.094	0.202
3810.000	7.000	996.094	0.202
3820.000	7.000	1005.859	0.190
3830.000	7.000	1005.859	0.190
3840.000	7.000	1005.859	0.190
3850.000	7.000	1031.250	0.205
3860.000	7.000	1031.250	0.205
3870.000	7.000	1031.250	0.205
3880.000	7.000	1003.906	0.178
3890.000	7.000	1003.906	0.178
3900.000	7.000	1003.906	0.178
3910.000	7.000	1017.578	0.176
3920.000	7.000	1017.578	0.176
3930.000	7.000	1017.578	0.176
3940.000	7.000	1058.594	0.203
3950.000	7.000	1058.594	0.203
3960.000	7.000	1058.594	0.203
3970.000	7.000	1052.734	0.200
3980.000	7.000	1052.734	0.200
3990.000	7.000	1052.734	0.200
4000.000	7.000	1064.453	0.214
4010.000	7.000	1064.453	0.214
4020.000	7.000	1064.453	0.214
4030.000	7.000	1062.500	0.201
4040.000	7.000	1062.500	0.201
4050.000	7.000	1062.500	0.201
4060.000	7.000	1091.797	0.205
4070.000	7.000	1091.797	0.205
4080.000	7.000	1091.797	0.205
4090.000	7.000	1087.891	0.214
4100.000	7.000	1087.891	0.214
4110.000	7.000	1087.891	0.214
4120.000	7.000	1101.562	0.217
4130.000	7.000	1101.562	0.217
4140.000	7.000	1101.562	0.217
4150.000	7.000	1101.562	0.202
4160.000	7.000	1101.562	0.202
4170.000	7.000	1101.562	0.202
4180.000	7.000	1126.953	0.203
4190.000	7.000	1126.953	0.203
4200.000	7.000	1126.953	0.203
4210.000	7.000	1107.422	0.197
4220.000	7.000	1107.422	0.197
4230.000	7.000	1107.422	0.197
4240.000	7.000	1125.000	0.203
4250.000	7.000	1125.000	0.203
4260.000	7.000	1125.000	0.203
4270.000	7.000	1150.391	0.217
4280.000	7.000	1150.391	0.217
4290.000	7.000	1150.391	0.217
4300.000	7.000	1150.391	0.203
4310.000	7.000	1150.391	0.203
4320.000	7.000	1150.391	0.203
4330.000	7.000	1179.687	0.201
4340.000	7.000	1179.687	0.201
4350.000	7.000	1179.687	0.201
4360.000	7.000	1187.500	0.193
4370.000	7.000	1187.500	0.193
4380.000	7.000	1187.500	0.193
4390.000	7.000	1205.078	0.201
4400.000	7.000	1205.078	0.201
4410.000	7.000	1205.078	0.201
4420.000	7.000	1203.125	0.210
4430.000	7.000	1203.125	0.210
4440.000	7.000	1203.125	0.210
4450.000	7.000	1201.172	0.187
4460.000	7.000	1201.172	0.187
4470.000	7.000	1201.172	0.187
4480.000	7.000	1212.891	0.202
4490.000	7.000	1212.891	0.202
4500.000	7.000	1212.891	0.202
4510.000	7.000	1238.281	0.212
4520.000	7.000	1238.281	0.212
4530.000	7.000	1238.281	0.212
4540.000	7.000	1255.859	0.205
4550.000	7.000	1255.859	0.205
4560.000	7.000	1255.859	0.205
4570.000	7.000	1267.578	0.212
4580.000	7.000	1267.578	0.212
4590.000	7.000	1267.578	0.212
4600.000	7.000	1259.766	0.209
4610.000	7.000	1259.766	0.209
4620.000	7.000	1259.766	0.209
4630.000	7.000	1259.766	0.217
4640.000	7.000	1259.766	0.217
4650.000	7.000	1259.766	0.217
4660.000	7.000	1253.906	0.204
4670.000	7.000	1253.906	0.204
4680.000	7.000	1253.906	0.204
4690.000	7.000	1265.625	0.202
4700.000	7.000	1265.625	0.202
4710.000	7.000	1265.625	0.202
4720.000	7.000	1287.109	0.206
4730.000	7.000	1287.109	0.206
4740.000	7.000	1287.109	0.206
4750.000	7.000	1312.500	0.193
4760.000	7.000	1312.500	0.193
4770.000	7.000	1312.500	0.193
4780.000	7.000	1287.109	0.202
4790.000	7.000	1287.109	0.202
4800.000	7.000	1287.109	0.202
4810.000	7.000	1292.969	0.200
4820.000	7.000	1292.969	0.200
4830.000	7.000	1292.969	0.200
4840.000	7.000	1337.891	0.202
4850.000	7.000	1337.891	0.202
4860.000	7.000	1337.891	0.202
4870.000	7.000	1333.984	0.207
4880.000	7.000	1333.984	0.207
4890.000	7.000	1333.984	0.207
4900.000	7.000	1361.328	0.198
4910.000	7.000	1361.328	0.198
4920.000	7.000	1361.328	0.198
4930.000	7.000	1345.703	0.208
4940.000	7.000	1345.703	0.208
4950.000	7.000	1345.703	0.208
4960.000	7.000	1361.328	0.211
4970.000	7.000	1361.328	0.211
4980.000	7.000	1361.328	0.211
4990.000	7.000	1388.672	0.202
5000.000	7.000	1388.672	0.202
5010.000	7.000	1388.672	0.202
5020.000	7.000	1410.156	0.200
5030.000	7.000	1410.156	0.200
5040.000	7.000	1410.156	0.200
5050.000	7.000	1390.625	0.206
5060.000	7.000	1390.625	0.206
5070.000	7.000	1390.625	0.206
5080.000	7.000	1400.391	0.202
5090.000	7.000	1400.391	0.202
5100.000	7.000	1400.391	0.202
5110.000	7.000	1390.625	0.212
5120.000	7.000	1390.625	0.212
5130.000	7.000	1390.625	0.212
5140.000	7.000	1406.250	0.203
5150.000	7.000	1406.250	0.203
5160.000	7.000	1406.250	0.203
5170.000	7.000	1423.828	0.202
5180.000	7.000	1423.828	0.202
5190.000	7.000	1423.828	0.202
5200.000	7.000	1417.969	0.218
5210.000	7.000	1417.969	0.218
5220.000	7.000	1417.969	0.218
5230.000	7.000	1443.359	0.205
5240.000	7.000	1443.359	0.205
5250.000	7.000	1443.359	0.205
5260.000	7.000	1447.266	0.205
5270.000	7.000	1447.266	0.205
5280.000	7.000	1447.266	0.205
5290.000	7.000	1453.125	0.198
5300.000	7.000	1453.125	0.198
5310.000	7.000	1453.125	0.198
5320.000	7.000	1474.609	0.220
5330.000	7.000	1474.609	0.220
5340.000	7.000	1474.609	0.220
5350.000	7.000	1472.656	0.185
5360.000	7.000	1472.656	0.185
5370.000	7.000	1472.656	0.185
5380.000	7.000	1472.656	0.190
5390.000	7.000	1472.656	0.190
5400.000	7.000	1472.656	0.190
5410.000	7.000	1449.219	0.208
5420.000	7.000	1449.219	0.208
5430.000	7.000	1449.219	0.208
5440.000	7.000	1484.375	0.201
5450.000	7.000	1484.375	0.201
5460.000	7.000	1484.375	0.201
5470.000	7.000	1515.625	0.211
5480.000	7.000	1515.625	0.211
5490.000	7.000	1515.625	0.211
5500.000	7.000	1527.344	0.210
5510.000	7.000	1527.344	0.210
5520.000	7.000	1527.344	0.210
5530.000	7.000	1531.250	0.198
5540.000	7.000	1531.250	0.198
5550.000	7.000	1531.250	0.198
5560.000	7.000	1539.062	0.200
5570.000	7.000	1539.062	0.200
5580.000	7.000	1539.062	0.200
5590.000	7.000	1566.406	0.199
5600.000	7.000	1566.406	0.199
5610.000	7.000	1566.406	0.199
5620.000	7.000	1550.781	0.210
5630.000	7.000	1550.781	0.210
5640.000	7.000	1550.781	0.210
5650.000	7.000	1554.687	0.199
5660.000	7.000	1554.687	0.199
5670.000	7.000	1554.687	0.199
5680.000	7.000	1576.172	0.179
5690.000	7.000	1576.172	0.179
5700.000	7.000	1576.172	0.179
5710.000	7.000	1548.828	0.208
5720.000	7.000	1548.828	0.208
5730.000	7.000	1548.828	0.208
5740.000	7.000	1585.937	0.210
5750.000	7.000	1585.937	0.210
5760.000	7.000	1585.937	0.210
5770.000	7.000	1574.219	0.204
5780.000	7.000	1574.219	0.204
5790.000	7.000	1574.219	0.204
5800.000	7.000	1595.703	0.202
5810.000	7.000	1595.703	0.202
5820.000	7.000	1595.703	0.202
5830.000	7.000	1625.000	0.190
5840.000	7.000	1625.000	0.190
5850.000	7.000	1625.000	0.190
5860.000	7.000	1611.328	0.210
5870.000	7.000	1611.328	0.210
5880.000	7.000	1611.328	0.210
5890.000	7.000	1619.141	0.207
5900.000	7.000	1619.141	0.207
5910.000	7.000	1619.141	0.207
5920.000	7.000	1615.234	0.204
5930.000	7.000	1615.234	0.204
5940.000	7.000	1615.234	0.204
5950.000	7.000	1636.719	0.201
5960.000	7.000	1636.719	0.201
5970.000	7.000	1636.719	0.201
5980.000	7.000	1648.437	0.199
5990.000	7.000	1648.437	0.199
6000.000	7.000	1648.437	0.199
6010.000	7.000	1666.016	0.206
6020.000	7.000	1666.016	0.206
6030.000	7.000	1666.016	0.206
6040.000	7.000	1650.391	0.217
6050.000	7.000	1650.391	0.217
6060.000	7.000	1650.391	0.217
6070.000	7.000	1669.922	0.201
6080.000	7.000	1669.922	0.201
6090.000	7.000	1669.922	0.201
6100.000	7.000	1671.875	0.082
6110.000	7.000	1671.875	0.082
6120.000	7.000	1671.875	0.082
6130.000	7.000	1658.203	0.026
6140.000	7.000	1658.203	0.026
6150.000	7.000	1658.203	0.026
6160.000	7.000	1660.156	0.000
6170.000	7.000	1660.156	0.000
6180.000	7.000	1660.156	0.000
6190.000	7.000	1634.766	-0.008
6200.000	7.000	1634.766	-0.008
6210.000	7.000	1634.766	-0.008
6220.000	7.000	1628.906	-0.012
6230.000	7.000	1628.906	-0.012
6240.000	7.000	1628.906	-0.012
6250.000	7.000	1632.812	-0.013
6260.000	7.000	1632.812	-0.013
6270.000	7.000	1632.812	-0.013
6280.000	7.000	1613.281	-0.010
6290.000	7.000	1613.281	-0.010
6300.000	7.000	1613.281	-0.010
6310.000	7.000	1597.656	-0.021
6320.000	7.000	1597.656	-0.021
6330.000	7.000	1597.656	-0.021
6340.000	7.000	1580.078	0.014
6350.000	7.000	1580.078	0.014
6360.000	7.000	1580.078	0.014
6370.000	7.000	1603.516	-0.016
6380.000	7.000	1603.516	-0.016
6390.000	7.000	1603.516	-0.016
6400.000	7.000	1556.641	-0.013
6410.000	7.000	1556.641	-0.013
6420.000	7.000	1556.641	-0.013
6430.000	7.000	1556.641	-0.021
6440.000	7.000	1556.641	-0.021
6450.000	7.000	1556.641	-0.021
6460.000	7.000	1550.781	-0.006
6470.000	7.000	1550.781	-0.006
6480.000	7.000	1550.781	-0.006
6490.000	7.000	1535.156	-0.013
6500.000	7.000	1535.156	-0.013
6510.000	7.000	1535.156	-0.013
6520.000	7.000	1523.437	-0.013
6530.000	7.000	1523.437	-0.013
6540.000	7.000	1523.437	-0.013
6550.000	7.000	1521.484	-0.017
6560.000	7.000	1521.484	-0.017
6570.000	7.000	1521.484	-0.017
6580.000	7.000	1494.141	-0.013
6590.000	7.000	1494.141	-0.013
6600.000	7.000	1494.141	-0.013
6610.000	7.000	1505.859	-0.011
6620.000	7.000	1505.859	-0.011
6630.000	7.000	1505.859	-0.011
6640.000	7.000	1480.469	-0.016
6650.000	7.000	1480.469	-0.016
6660.000	7.000	1480.469	-0.016
6670.000	7.000	1443.359	-0.013
6680.000	7.000	1443.359	-0.013
6690.000	7.000	1443.359	-0.013
6700.000	7.000	1449.219	-0.006
6710.000	7.000	1449.219	-0.006
6720.000	7.000	1449.219	-0.006
6730.000	7.000	1462.891	-0.011
6740.000	7.000	1462.891	-0.011
6750.000	7.000	1462.891	-0.011
6760.000	7.000	1457.031	-0.040
6770.000	7.000	1457.031	-0.040
6780.000	7.000	1457.031	-0.040
6790.000	7.000	1412.109	-0.013
6800.000	7.000	1412.109	-0.013
6810.000	7.000	1412.109	-0.013
6820.000	7.000	1406.250	-0.026
6830.000	7.000	1406.250	-0.026
6840.000	7.000	1406.250	-0.026
6850.000	7.000	1396.484	-0.021
6860.000	7.000	1396.484	-0.021
6870.000	7.000	1396.484	-0.021
6880.000	7.000	1398.437	-0.009
6890.000	7.000	1398.437	-0.009
6900.000	0.000	1398.437	-0.009
6910.000	0.000	1382.812	-0.027
6920.000	0.000	1382.812	-0.027
6930.000	0.000	1382.812	-0.027
6940.000	0.000	1369.141	-0.011
6950.000	0.000	1369.141	-0.011
6960.000	0.000	1369.141	-0.011
6970.000	0.000	1382.812	0.007
6980.000	0.000	1382.812	0.007
6990.000	0.000	1382.812	0.007
